index,date,MODE_ID,TORQUE_GAIN_ID,ODOM_DISTANCE_P,ODOM_DISTANCE_T,1,2,3,4
0,1765227022630,2,15,1483,0,0,0,0,0
1,1765227022746,2,15,1502,0,0,0,0,0
2,1765227023035,2,15,1507,0,0,0,0,0
3,1765227023314,2,15,1509,0,0,0,0,0
4,1765227023471,2,15,1522,0,0,0,0,0
5,1765227023779,2,15,1524,0,0,0,0,0
6,1765227024190,2,15,1530,0,0,0,0,0
7,1765227024531,2,15,1530,0,0,0,0,0
8,1765227024663,2,15,1531,0,0,0,0,0
9,1765227024937,2,12303,1531,0,0,0,0,0
10,1765227025397,2,15,1537,0,0,0,0,0
11,1765227025681,2,15,1538,0,0,0,0,0
12,1765227025822,2,15,1544,0,0,0,0,0
13,1765227026138,2,15,1546,0,0,0,0,0
14,1765227026564,2,15,1553,0,0,0,0,0
15,1765227026864,2,15,1553,0,0,0,0,0
16,1765227027322,2,15,1553,0,0,0,0,0
17,1765227027605,2,15,1553,0,0,0,0,0
18,1765227027780,2,15,1553,0,0,0,0,0
19,1765227028105,2,15,1553,0,0,0,0,0
20,1765227028272,2,15,1553,0,0,0,0,0
21,1765227028563,2,15,1553,0,0,0,0,0
22,1765227029004,2,15,1553,0,0,0,0,0
23,1765227029296,2,15,1553,0,0,0,0,0
24,1765227029463,2,15,1553,0,0,0,0,0
25,1765227029747,2,15,1553,0,0,0,0,0
26,1765227030223,2,15,1553,0,0,0,0,0
27,1765227030522,2,15,1553,0,0,0,0,0
28,1765227030957,2,15,1553,0,0,0,0,0
29,1765227031238,2,15,1553,0,0,0,0,0
30,1765227031363,2,15,1553,0,0,0,0,0
31,1765227031689,2,15,1553,0,0,0,0,0
32,1765227032113,2,15,1553,0,0,0,0,0
33,1765227032421,2,15,1553,0,0,0,0,0
34,1765227032829,2,15,1553,0,0,0,0,0
35,1765227033104,2,15,1553,0,0,0,0,0
36,1765227033229,2,15,1553,0,0,0,0,0
37,1765227033581,2,15,1553,0,0,0,0,0
38,1765227033962,2,15,1553,0,0,0,0,0
39,1765227034297,2,15,1553,0,0,0,0,0
40,1765227034413,2,15,1553,0,0,0,0,0
41,1765227034695,2,15,1553,0,0,0,0,0
42,1765227035146,2,15,1553,0,0,0,0,0
43,1765227035428,2,15,1553,0,0,0,0,0
44,1765227035846,2,15,1553,0,0,0,0,0
45,1765227036162,2,15,1553,0,0,0,0,0
46,1765227036280,2,15,1553,0,0,0,0,0
47,1765227036562,2,15,1553,0,0,0,0,0
48,1765227037034,2,15,1553,0,0,0,0,0
49,1765227037312,2,15,1553,0,0,0,0,0
50,1765227037754,2,15,1553,0,0,0,0,0
51,1765227038053,2,15,1553,0,0,0,0,0
52,1765227038163,2,15,1553,0,0,0,0,0
53,1765227038487,2,15,1553,0,0,0,0,0
54,1765227038913,2,15,1553,0,0,0,0,0
55,1765227039206,2,15,1553,0,0,0,0,0
56,1765227039645,2,15,1553,0,0,0,0,0
57,1765227039920,2,15,1553,0,0,0,0,0
58,1765227040039,2,15,1553,0,0,0,0,0
59,1765227040371,2,15,1553,0,0,0,0,0
60,1765227040770,2,15,1553,0,0,0,0,0
61,1765227041104,2,15,1553,0,0,0,0,0
62,1765227041503,2,15,1553,0,0,0,0,0
63,1765227041911,2,15,1553,0,0,0,0,0
64,1765227042245,2,15,1553,0,0,0,0,0
65,1765227042654,2,15,1553,0,0,0,0,0
66,1765227042967,2,15,1553,0,0,0,0,0
67,1765227043092,2,15,1553,0,0,0,0,0
68,1765227043387,2,15,1553,0,0,0,0,0
69,1765227043845,2,15,1553,0,0,0,0,0
70,1765227044128,2,15,1553,0,0,0,0,0
71,1765227044522,2,15,1553,0,0,0,0,0
72,1765227044828,2,15,1553,0,0,0,0,0
73,1765227045220,2,15,1553,0,0,0,0,0
74,1765227045661,2,15,1553,0,0,0,0,0
75,1765227045944,2,15,1553,0,0,0,0,0
76,1765227046369,2,15,1553,0,0,0,0,0
77,1765227046653,2,15,1553,0,0,0,0,0
78,1765227047111,2,15,1553,0,0,0,0,0
79,1765227047411,2,15,1553,0,0,0,0,0
80,1765227047544,2,15,1553,0,0,0,0,0
81,1765227047820,2,15,1553,0,0,0,0,0
82,1765227048227,2,15,1553,0,0,0,0,0
83,1765227048513,2,15,1553,0,0,0,0,0
84,1765227048970,2,15,1553,0,0,0,0,0
85,1765227049269,2,15,1553,0,0,0,0,0
86,1765227049378,2,15,1553,0,0,0,0,0
87,1765227049711,2,15,1553,0,0,0,0,0
88,1765227050112,2,15,1553,0,0,0,0,0
89,1765227050453,2,15,1553,0,0,0,0,0
90,1765227050853,2,15,1553,0,0,0,0,0
91,1765227051128,2,15,1553,0,0,0,0,0
92,1765227051261,2,15,1553,0,0,0,0,0
93,1765227051585,2,15,1553,0,0,0,0,0
94,1765227051978,2,15,1553,0,0,0,0,0
95,1765227052320,2,15,1553,0,0,0,0,0
96,1765227052446,2,15,1553,0,0,0,0,0
97,1765227052734,2,15,1553,0,0,0,0,0
98,1765227053169,2,15,1553,0,0,0,0,0
99,1765227053442,2,15,1553,0,0,0,0,0
100,1765227053884,2,15,1553,0,0,0,0,0
101,1765227054201,2,15,1553,0,0,0,0,0
102,1765227054327,2,15,1553,0,0,0,0,0
103,1765227054618,2,15,1553,0,0,0,0,0
104,1765227055061,2,15,1553,0,0,0,0,0
105,1765227055344,2,15,1553,0,0,0,0,0
106,1765227055836,2,15,1553,0,0,0,0,0
107,1765227056251,2,15,1553,0,0,0,0,0
108,1765227056561,2,15,1553,0,0,0,0,0
109,1765227056994,2,15,1553,0,0,0,0,0
110,1765227057301,2,15,1553,0,0,0,0,0
111,1765227057435,2,15,1553,0,0,0,0,0
112,1765227057778,2,15,1553,0,0,0,0,0
113,1765227058211,2,15,1553,0,0,0,0,0
114,1765227058528,2,15,1553,0,0,0,0,0
115,1765227058668,2,15,1553,0,0,0,0,0
116,1765227058948,2,15,1553,0,0,0,0,0
117,1765227059452,2,15,1553,0,0,0,0,0
118,1765227059901,2,15,1553,0,0,0,0,0
119,1765227060185,2,15,1553,0,0,0,0,0
120,1765227060650,2,15,1553,0,0,0,0,0
121,1765227060936,2,15,1553,0,0,0,0,0
122,1765227061084,2,15,1553,0,0,0,0,0
123,1765227061418,2,15,1553,0,0,0,0,0
124,1765227061568,2,15,1553,0,0,0,0,0
125,1765227061868,2,15,1553,0,0,0,0,0
126,1765227062351,2,15,1553,0,0,0,0,0
127,1765227062634,2,15,1553,0,0,0,0,0
128,1765227062777,2,15,1553,0,0,0,0,0
129,1765227063117,2,15,1553,0,0,0,0,0
130,1765227063569,2,15,1553,0,0,0,0,0
131,1765227063857,2,15,1553,0,0,0,0,0
132,1765227064008,2,15,1553,0,0,0,0,0
133,1765227064350,2,15,1553,0,0,0,0,0
134,1765227066021,2,15,1553,0,0,0,0,0
135,1765227066021,2,15,1553,0,0,0,0,0
136,1765227066021,2,15,1553,0,0,0,0,0
137,1765227066021,2,15,1553,0,0,0,0,0
138,1765227066021,2,15,1553,0,0,0,0,0
139,1765227066306,2,15,1553,0,0,0,0,0
140,1765227066406,2,15,1553,0,0,0,0,0
141,1765227066691,2,15,1553,0,0,0,0,0
142,1765227067150,2,15,1553,0,0,0,0,0
143,1765227067432,2,15,1553,0,0,0,0,0
144,1765227067883,2,15,1553,0,0,0,0,0
145,1765227068148,2,15,1553,0,0,0,0,0
146,1765227068609,2,15,1553,0,0,0,0,0
147,1765227069015,2,15,1553,0,0,0,0,0
148,1765227069290,2,15,1553,0,0,0,0,0
149,1765227069724,2,15,1553,0,0,0,0,0
150,1765227070008,2,15,1553,0,0,0,0,0
151,1765227070457,2,15,1553,0,0,0,0,0
152,1765227070882,2,15,1553,0,0,0,0,0
153,1765227071191,2,15,1553,0,0,0,0,0
154,1765227071614,2,15,1553,0,0,0,0,0
155,1765227071950,2,15,1553,0,0,0,0,0
156,1765227072074,2,15,1553,0,0,0,0,0
157,1765227072373,2,15,1553,0,0,0,0,0
158,1765227072773,2,15,1553,0,0,0,0,0
159,1765227073083,2,15,1553,0,0,0,0,0
160,1765227073499,2,15,1553,0,0,0,0,0
161,1765227073972,2,15,1553,0,0,0,0,0
162,1765227074255,2,15,1553,0,0,0,0,0
163,1765227074690,2,15,1553,0,0,0,0,0
164,1765227074971,2,15,1553,0,0,0,0,0
165,1765227075105,2,15,1553,0,0,0,0,0
166,1765227076414,1,10,0,0,0,0,0,0
167,1765227076706,1,10,0,0,0,0,0,0
168,1765227076988,1,10,0,0,0,0,0,0
169,1765227077073,1,10,0,0,0,0,0,0
170,1765227145074,1,10,0,0,0,0,0,0
171,1765227145365,1,10,0,0,0,0,0,0
172,1765227145641,1,10,0,0,0,0,0,0
173,1765227146300,1,10,0,0,0,0,0,0
174,1765227146359,1,10,0,0,0,0,0,0
175,1765227146644,1,10,0,0,0,0,0,0
176,1765227146929,1,10,0,0,0,0,0,0
177,1765227147035,2,15,0,0,0,0,0,0
178,1765227147377,2,15,0,0,0,0,0,0
179,1765227147778,2,15,0,0,0,0,0,0
180,1765227148094,2,15,0,0,0,0,0,0
181,1765227148494,2,15,0,0,0,0,0,0
182,1765227148818,2,15,0,0,0,0,0,0
183,1765227148910,2,15,0,0,0,0,0,0
184,1765227149244,2,15,0,0,0,0,0,0
185,1765227149636,2,15,0,0,0,0,0,0
186,1765227149961,2,15,0,0,0,0,0,0
187,1765227150102,2,15,0,0,0,0,0,0
188,1765227150369,2,15,0,0,0,0,0,0
189,1765227150710,2,15,0,0,0,0,0,0
190,1765227150818,2,15,0,0,0,0,0,0
191,1765227151103,2,15,0,0,0,0,0,0
192,1765227151544,2,15,0,0,0,0,0,0
193,1765227151843,2,15,0,0,0,0,0,0
194,1765227152245,3,15,0,0,0,0,0,0
195,1765227152695,3,15,0,0,0,0,0,0
196,1765227152985,3,15,0,0,0,0,0,0
197,1765227153436,3,15,0,0,0,0,0,0
198,1765227153703,3,15,0,0,0,0,0,0
199,1765227153845,4,20,0,0,0,0,0,0
200,1765227154187,4,20,0,0,0,0,0,0
201,1765227154611,4,20,0,0,0,0,0,0
202,1765227154918,4,20,0,0,0,0,0,0
203,1765227155344,4,20,0,0,0,0,0,0
204,1765227156160,1,10,0,0,0,0,0,0
205,1765227156452,1,10,0,0,0,0,0,0
206,1765227156734,1,10,0,0,0,0,0,0
207,1765227156801,1,10,0,0,0,0,0,0
208,1765227157084,1,10,0,0,0,0,0,0
209,1765227157864,1,10,0,0,0,0,0,0
210,1765227157908,1,10,0,0,0,0,0,0
211,1765227158201,1,10,0,0,0,0,0,0
212,1765227158537,1,10,0,0,0,0,0,0
213,1765227158656,2,15,0,0,0,0,0,0
214,1765227158949,2,15,0,0,0,0,0,0
215,1765227159255,2,15,0,0,0,0,0,0
216,1765227159371,2,15,0,0,0,0,0,0
217,1765227159664,2,15,0,0,0,0,0,0
218,1765227160079,2,15,0,0,0,0,0,0
219,1765227160421,2,15,0,0,0,0,0,0
220,1765227160546,2,15,0,0,0,0,0,0
221,1765227160812,2,15,0,0,0,0,0,0
222,1765227161279,2,15,0,0,0,0,0,0
223,1765227161554,2,15,0,0,0,0,0,0
224,1765227162012,2,15,0,0,0,0,0,0
225,1765227162296,2,15,0,0,0,0,0,0
226,1765227162429,2,15,0,0,0,0,0,0
227,1765227162703,2,15,0,0,0,0,0,0
228,1765227163128,2,15,0,0,0,0,0,0
229,1765227163421,2,15,0,0,0,0,0,0
230,1765227163874,2,15,0,0,0,0,0,0
231,1765227164167,2,15,0,0,0,0,0,0
232,1765227164266,2,15,0,0,0,0,0,0
233,1765227164579,2,15,0,0,0,0,0,0
234,1765227164995,2,15,0,0,0,0,0,0
235,1765227165337,2,15,0,0,0,0,0,0
236,1765227165737,2,15,0,0,0,0,0,0
237,1765227166013,2,15,0,0,0,0,0,0
238,1765227166137,2,15,0,0,0,0,0,0
239,1765227166461,2,15,0,0,0,0,0,0
240,1765227166836,2,15,0,0,0,0,0,0
241,1765227167170,2,15,0,0,0,0,0,0
242,1765227167579,2,15,0,0,0,0,0,0
243,1765227167894,2,15,0,0,0,0,0,0
244,1765227168011,2,15,0,0,0,0,0,0
245,1765227168796,2,15,0,0,0,0,0,0
246,1765227168898,2,15,0,0,0,0,0,0
247,1765227169051,2,15,0,0,0,0,0,0
248,1765227169444,2,15,0,0,0,0,0,0
249,1765227169760,2,15,0,0,0,0,0,0
250,1765227169877,2,15,0,0,0,0,0,0
251,1765227170151,2,15,0,0,0,0,0,0
252,1765227170627,2,15,0,0,0,0,0,0
253,1765227170901,2,15,0,0,0,0,0,0
254,1765227171335,2,15,0,0,0,0,0,0
255,1765227171619,2,15,0,0,0,0,0,0
256,1765227172068,2,15,0,0,0,0,0,0
257,1765227172477,2,15,0,0,0,0,0,0
258,1765227172759,2,15,0,0,0,0,0,0
259,1765227173202,2,15,0,0,0,0,0,0
260,1765227173475,2,15,0,0,0,0,0,0
261,1765227173927,2,15,0,0,0,0,0,0
262,1765227174203,2,15,0,0,0,0,0,0
263,1765227174336,2,15,0,0,0,0,0,0
264,1765227174634,2,15,0,0,0,0,0,0
265,1765227175042,2,15,0,0,0,0,0,0
266,1765227175336,2,15,0,0,0,0,0,0
267,1765227175782,2,15,0,0,0,0,0,0
268,1765227176059,2,15,0,0,0,0,0,0
269,1765227176168,2,15,0,0,0,0,0,0
270,1765227176484,2,15,0,0,0,0,0,0
271,1765227176876,2,15,0,0,0,0,0,0
272,1765227177215,2,15,0,0,0,0,0,0
273,1765227177611,2,15,0,0,0,0,0,0
274,1765227177936,2,15,0,0,0,0,0,0
275,1765227178310,2,15,1,0,0,0,0,0
276,1765227178616,2,15,2,0,0,0,0,0
277,1765227178702,2,15,2,0,0,0,0,0
278,1765227179051,2,15,3,0,0,0,0,0
279,1765227179776,2,15,5,0,0,0,0,0
280,1765227179852,2,15,6,0,0,0,0,0
281,1765227179885,2,15,8,0,0,0,0,0
282,1765227180171,2,15,8,0,0,0,0,0
283,1765227180627,2,15,12,0,0,0,0,0
284,1765227180911,2,15,13,0,0,0,0,0
285,1765227181318,2,15,20,0,0,0,0,0
286,1765227181635,2,15,21,0,0,0,0,0
287,1765227182011,2,15,32,0,0,0,0,0
288,1765227182484,2,15,43,0,0,0,0,0
289,1765227182762,2,15,46,0,0,0,0,0
290,1765227183199,2,15,63,0,0,0,0,0
291,1765227183494,2,15,66,0,0,0,0,0
292,1765227183953,2,15,82,0,0,0,0,0
293,1765227184368,2,15,103,0,0,0,0,0
294,1765227184652,2,15,107,0,0,0,0,0
295,1765227185077,2,15,126,0,0,0,0,0
296,1765227185359,2,15,130,0,0,0,0,0
297,1765227185494,2,15,149,0,0,0,0,0
298,1765227185826,2,15,152,0,0,0,0,0
299,1765227186243,2,15,171,0,0,0,0,0
300,1765227186586,2,15,179,0,0,0,0,0
301,1765227186701,2,15,195,0,0,0,0,0
302,1765227186999,2,15,195,0,0,0,0,0
303,1765227187451,2,15,200,0,0,0,0,0
304,1765227187734,2,15,201,0,0,0,0,0
305,1765227188134,2,15,204,0,0,0,0,0
306,1765227188469,2,15,205,0,0,0,0,0
307,1765227188586,2,15,230,0,0,0,0,0
308,1765227188868,2,15,235,0,0,0,0,0
309,1765227189326,2,15,253,0,0,0,0,0
310,1765227189609,2,15,257,0,0,0,0,0
311,1765227190689,2,15,277,0,0,0,0,0
312,1765227190709,2,15,287,0,0,0,0,0
313,1765227190802,2,15,289,0,0,0,0,0
314,1765227191225,2,15,304,0,0,0,0,0
315,1765227191511,2,15,307,0,0,0,0,0
316,1765227191651,2,15,318,0,0,0,0,0
317,1765227191983,2,15,323,0,0,0,0,0
318,1765227192409,2,15,329,0,0,0,0,0
319,1765227192741,2,15,329,0,0,0,0,0
320,1765227192868,2,15,330,0,0,0,0,0
321,1765227193150,2,15,330,0,0,0,0,0
322,1765227193468,2,15,330,0,0,0,0,0
323,1765227193540,2,15,331,0,0,0,0,0
324,1765227193862,2,15,331,0,0,0,0,0
325,1765227194239,2,15,346,0,0,0,0,0
326,1765227194594,2,15,349,0,0,0,0,0
327,1765227194962,2,15,364,0,0,0,0,0
328,1765227195250,2,15,367,0,0,0,0,0
329,1765227195640,2,15,384,0,0,0,0,0
330,1765227195983,2,15,387,0,0,0,0,0
331,1765227196099,2,15,397,0,0,0,0,0
332,1765227196374,2,15,402,0,0,0,0,0
333,1765227196765,2,15,414,0,0,0,0,0
334,1765227197083,2,15,417,0,0,0,0,0
335,1765227197462,2,15,430,0,0,0,0,0
336,1765227197799,2,15,433,0,0,0,0,0
337,1765227198179,2,15,444,0,0,0,0,0
338,1765227198471,2,15,446,0,0,0,0,0
339,1765227198596,2,15,456,0,0,0,0,0
340,1765227198883,2,15,458,0,0,0,0,0
341,1765227199320,2,15,467,0,0,0,0,0
342,1765227199600,2,15,469,0,0,0,0,0
343,1765227199995,2,15,480,0,0,0,0,0
344,1765227200308,2,15,481,0,0,0,0,0
345,1765227200703,2,15,493,0,0,0,0,0
346,1765227201029,2,15,495,0,0,0,0,0
347,1765227201694,2,15,502,0,0,0,0,0
348,1765227201736,2,15,504,0,0,0,0,0
349,1765227201871,2,15,516,0,0,0,0,0
350,1765227202146,2,15,518,0,0,0,0,0
351,1765227202871,2,15,531,0,0,0,0,0
352,1765227203278,2,15,543,0,0,0,0,0
353,1765227203704,2,15,553,0,0,0,0,0
354,1765227203990,2,15,556,0,0,0,0,0
355,1765227204445,2,15,568,0,0,0,0,0
356,1765227204721,2,15,570,0,0,0,0,0
357,1765227205152,2,15,583,0,0,0,0,0
358,1765227205419,2,15,585,0,0,0,0,0
359,1765227205552,2,15,593,0,0,0,0,0
360,1765227205873,2,15,595,0,0,0,0,0
361,1765227206269,2,15,608,0,0,0,0,0
362,1765227206554,2,15,610,0,0,0,0,0
363,1765227206981,2,15,621,0,0,0,0,0
364,1765227207391,2,15,634,0,0,0,0,0
365,1765227207718,2,15,636,0,0,0,0,0
366,1765227208141,2,15,647,0,0,0,0,0
367,1765227208455,2,15,650,0,0,0,0,0
368,1765227208841,2,15,664,0,0,0,0,0
369,1765227209158,2,15,667,0,0,0,0,0
370,1765227209575,2,15,683,0,0,0,0,0
371,1765227209976,2,15,698,0,0,0,0,0
372,1765227210294,2,15,701,0,0,0,0,0
373,1765227210707,2,15,720,0,0,0,0,0
374,1765227211037,2,15,723,0,0,0,0,0
375,1765227211437,2,15,738,0,0,0,0,0
376,1765227211888,2,15,755,0,0,0,0,0
377,1765227212174,2,15,758,0,0,0,0,0
378,1765227213011,2,15,773,0,0,0,0,0
379,1765227213056,2,15,775,0,0,0,0,0
380,1765227213298,2,15,792,0,0,0,0,0
381,1765227213730,2,15,805,0,0,0,0,0
382,1765227214019,2,15,809,0,0,0,0,0
383,1765227214454,2,15,821,0,0,0,0,0
384,1765227214738,2,15,823,0,0,0,0,0
385,1765227215138,2,15,838,0,0,0,0,0
386,1765227215579,2,15,850,0,0,0,0,0
387,1765227215865,2,15,853,0,0,0,0,0
388,1765227216346,2,15,868,0,0,0,0,0
389,1765227216613,2,15,871,0,0,0,0,0
390,1765227216739,2,15,883,0,0,0,0,0
391,1765227217055,2,15,886,0,0,0,0,0
392,1765227217802,2,15,907,0,0,0,0,0
393,1765227218202,2,15,921,0,0,0,0,0
394,1765227218493,2,15,927,0,0,0,0,0
395,1765227218625,2,15,939,0,0,0,0,0
396,1765227218947,2,15,942,0,0,0,0,0
397,1765227219367,2,15,960,0,0,0,0,0
398,1765227219702,2,15,963,0,0,0,0,0
399,1765227219838,2,15,975,0,0,0,0,0
400,1765227220131,2,15,978,0,0,0,0,0
401,1765227220563,2,15,997,0,0,0,0,0
402,1765227221297,2,15,1016,0,0,0,0,0
403,1765227221604,2,15,1019,0,0,0,0,0
404,1765227221734,2,15,1036,0,0,0,0,0
405,1765227222015,2,15,1040,0,0,0,0,0
406,1765227222464,2,15,1057,0,0,0,0,0
407,1765227222748,2,15,1060,0,0,0,0,0
408,1765227223215,2,15,1082,0,0,0,0,0
409,1765227223644,2,15,1100,0,0,0,0,0
410,1765227224309,2,15,1107,0,0,0,0,0
411,1765227224400,2,15,1124,0,0,0,0,0
412,1765227224826,2,15,1143,0,0,0,0,0
413,1765227225153,2,15,1143,0,0,0,0,0
414,1765227225582,2,15,1146,0,0,0,0,0
415,1765227226352,2,15,1148,0,0,0,0,0
416,1765227226838,2,15,1148,0,0,0,0,0
417,1765227227256,2,15,1165,0,0,0,0,0
418,1765227227527,2386,33039,7434,1,0,0,0,0
419,1765227227943,2,15,1202,0,0,0,0,0
420,1765227228230,2,15,1209,0,0,0,0,0
421,1765227228697,2,15,1254,0,0,0,0,0
422,1765227228958,2,15,1262,0,0,0,0,0
423,1765227229083,2,15,1295,0,0,0,0,0
424,1765227229402,2,15,1311,0,0,0,0,0
425,1765227229807,0,0,1319,0,0,0,0,0
426,1765227230140,0,0,1319,0,0,0,0,0
427,1765227230277,0,0,1319,0,0,0,0,0
428,1765227230553,0,0,1319,0,0,0,0,0
429,1765227230856,0,0,1319,0,0,0,0,0
430,1765227230955,0,0,1319,0,0,0,0,0
431,1765227231275,0,0,1319,0,0,0,0,0
432,1765227231676,0,0,1319,0,0,0,0,0
433,1765227232015,0,0,1319,0,0,0,0,0
434,1765227232135,0,0,1319,0,0,0,0,0
435,1765227232416,0,0,1319,0,0,0,0,0
436,1765227232741,0,0,1319,0,0,0,0,0
437,1765227232860,0,0,1319,0,0,0,0,0
438,1765227233143,0,0,1319,0,0,0,0,0
439,1765227233610,0,0,1319,0,0,0,0,0
440,1765227233883,0,0,1319,0,0,0,0,0
441,1765227234278,0,0,1319,0,0,0,0,0
442,1765227234583,0,0,1319,0,0,0,0,0
443,1765227234721,0,0,1319,0,0,0,0,0
444,1765227235354,0,0,1319,0,0,0,0,0
445,1765227235477,0,0,1319,0,0,0,0,0
446,1765227235731,0,0,1319,0,0,0,0,0
447,1765227236196,0,0,1319,0,0,0,0,0
448,1765227236615,0,0,1319,0,0,0,0,0
449,1765227236923,0,0,1319,0,0,0,0,0
450,1765227237349,0,0,1319,0,0,0,0,0
451,1765227237629,0,0,1319,0,0,0,0,0
452,1765227237749,0,0,1319,0,0,0,0,0
453,1765227238053,0,0,1319,0,0,0,0,0
454,1765227238476,0,0,1319,0,0,0,0,0
455,1765227238800,0,0,1319,0,0,0,0,0
456,1765227239194,0,0,1319,0,0,0,0,0
457,1765227239527,0,0,1319,0,0,0,0,0
458,1765227239626,0,0,1319,0,0,0,0,0
459,1765227239924,0,0,1319,0,0,0,0,0
460,1765227240333,0,0,1319,0,0,0,0,0
461,1765227240665,0,0,1319,0,0,0,0,0
462,1765227241060,0,0,1319,0,0,0,0,0
463,1765227241380,0,0,1319,0,0,0,0,0
464,1765227241489,0,0,1319,0,0,0,0,0
465,1765227241775,0,0,1319,0,0,0,0,0
466,1765227242234,0,0,1319,0,0,0,0,0
467,1765227242508,0,0,1319,0,0,0,0,0
468,1765227242928,0,0,1319,0,0,0,0,0
469,1765227243243,0,0,1319,0,0,0,0,0
470,1765227243378,0,0,1319,0,0,0,0,0
471,1765227243652,0,0,1319,0,0,0,0,0
472,1765227244119,0,0,1319,0,0,0,0,0
473,1765227244392,0,0,1319,0,0,0,0,0
474,1765227244830,0,0,1319,0,0,0,0,0
475,1765227245121,0,0,1319,0,0,0,0,0
476,1765227245244,0,0,1319,0,0,0,0,0
477,1765227245579,0,0,1319,0,0,0,0,0
478,1765227246307,0,0,1319,0,0,0,0,0
479,1765227246368,0,0,1319,0,0,0,0,0
480,1765227246713,0,0,1319,0,0,0,0,0
481,1765227246998,0,0,1319,0,0,0,0,0
482,1765227247133,0,0,1319,0,0,0,0,0
483,1765227247463,0,0,1319,0,0,0,0,0
484,1765227247857,0,0,1319,0,0,0,0,0
485,1765227248191,0,0,1319,0,0,0,0,0
486,1765227248322,0,0,1319,0,0,0,0,0
487,1765227248602,0,0,1319,0,0,0,0,0
488,1765227249059,0,0,1319,0,0,0,0,0
489,1765227249349,0,0,1319,0,0,0,0,0
490,1765227249758,0,0,1319,0,0,0,0,0
491,1765227250074,0,0,1319,0,0,0,0,0
492,1765227250216,0,0,1319,0,0,0,0,0
493,1765227250491,0,0,1319,0,0,0,0,0
494,1765227250950,0,0,1319,0,0,0,0,0
495,1765227251234,0,0,1319,0,0,0,0,0
496,1765227251693,0,0,1319,0,0,0,0,0
497,1765227252099,0,0,1319,0,0,0,0,0
498,1765227252415,0,0,1319,0,0,0,0,0
499,1765227252832,0,0,1319,0,0,0,0,0
500,1765227253123,0,0,1319,0,0,0,0,0
501,1765227253257,0,0,1319,0,0,0,0,0
502,1765227253592,0,0,1319,0,0,0,0,0
503,1765227254006,0,0,1319,0,0,0,0,0
504,1765227254356,0,0,1319,0,0,0,0,0
505,1765227254498,0,0,1319,0,0,0,0,0
506,1765227254791,0,0,1319,0,0,0,0,0
507,1765227255199,0,0,1319,0,0,0,0,0
508,1765227255527,0,0,1319,0,0,0,0,0
509,1765227255947,0,0,1319,0,0,0,0,0
510,1765227256415,0,0,1319,0,0,0,0,0
511,1765227257225,0,0,1319,0,0,0,0,0
512,1765227257323,0,0,1319,0,0,0,0,0
513,1765227257461,0,0,1319,0,0,0,0,0
514,1765227257603,0,0,1319,0,0,0,0,0
515,1765227257952,0,0,1319,0,0,0,0,0
516,1765227258111,0,0,1319,0,0,0,0,0
517,1765227258379,0,0,1319,0,0,0,0,0
518,1765227258661,0,0,1319,0,0,0,0,0
519,1765227258795,0,0,1319,0,0,0,0,0
520,1765227259119,0,0,1319,0,0,0,0,0
521,1765227259546,0,0,1319,0,0,0,0,0
522,1765227259902,0,0,1319,0,0,0,0,0
523,1765227260028,0,0,1319,0,0,0,0,0
524,1765227260311,0,0,1319,0,0,0,0,0
525,1765227260794,0,0,1319,0,0,0,0,0
526,1765227261086,0,0,1319,0,0,0,0,0
527,1765227261224,0,0,1319,0,0,0,0,0
528,1765227261560,0,0,1319,0,0,0,0,0
529,1765227261978,0,0,1319,0,0,0,0,0
530,1765227262269,0,0,1319,0,0,0,0,0
531,1765227262712,0,0,1319,0,0,0,0,0
532,1765227263810,1,10,0,0,0,0,0,0
533,1765227264101,1,10,0,0,0,0,0,0
534,1765227264393,1,10,0,0,0,0,0,0
535,1765227264451,1,10,0,0,0,0,0,0
536,1765227264752,1,10,0,0,0,0,0,0
537,1765227265152,1,10,0,0,0,0,0,0
538,1765227265461,1,10,0,0,0,0,0,0
539,1765227265909,1,10,0,0,0,0,0,0
540,1765227266410,1,10,0,0,0,0,0,0
541,1765227266712,1,10,0,0,0,0,0,0
542,1765227267176,1,10,0,0,0,0,0,0
543,1765227267628,1,10,0,0,0,0,0,0
544,1765227267918,1,10,0,0,0,0,0,0
545,1765227268085,1,10,0,0,0,0,0,0
546,1765227268947,1,10,0,0,0,0,0,0
547,1765227269025,1,10,0,0,0,0,0,0
548,1765227269363,1,10,0,0,0,0,0,0
549,1765227269647,1,10,0,0,0,0,0,0
550,1765227270131,1,10,0,0,0,0,0,0
551,1765227270546,1,10,0,0,0,0,0,0
552,1765227270830,1,10,0,0,0,0,0,0
553,1765227271263,1,10,0,0,0,0,0,0
554,1765227271539,1,10,0,0,0,0,0,0
555,1765227274171,1,10,0,0,0,0,0,0
556,1765227274464,1,10,0,0,0,0,0,0
557,1765227274738,1,10,0,0,0,0,0,0
558,1765227275054,1,10,0,0,0,0,0,0
559,1765227275328,1,10,0,0,0,0,0,0
560,1765227275755,1,10,0,0,0,0,0,0
561,1765227276029,1,10,0,0,0,0,0,0
562,1765227276155,1,10,0,0,0,0,0,0
563,1765227276488,1,10,0,0,0,0,0,0
564,1765227276889,1,10,0,0,0,0,0,0
565,1765227277196,1,10,0,0,0,0,0,0
566,1765227277595,1,10,0,0,0,0,0,0
567,1765227277912,1,10,0,0,0,0,0,0
568,1765227277988,1,10,0,0,0,0,0,0
569,1765227278328,1,10,0,0,0,0,0,0
570,1765227278721,1,10,0,0,0,0,0,0
571,1765227279046,1,10,0,0,0,0,0,0
572,1765227279443,1,10,0,0,0,0,0,0
573,1765227279794,1,10,0,0,0,0,0,0
574,1765227279903,1,10,0,0,0,0,0,0
575,1765227280185,1,10,0,0,0,0,0,0
576,1765227280603,1,10,0,0,0,0,0,0
577,1765227280918,1,10,0,0,0,0,0,0
578,1765227281302,1,10,0,0,0,0,0,0
579,1765227282119,1,10,0,0,0,0,0,0
580,1765227282149,1,10,0,0,0,0,0,0
581,1765227282199,1,10,0,0,0,0,0,0
582,1765227282504,1,10,0,0,0,0,0,0
583,1765227282776,1,10,0,0,0,0,0,0
584,1765227283251,1,10,0,0,0,0,0,0
585,1765227283669,1,10,0,0,0,0,0,0
586,1765227283951,1,10,0,0,0,0,0,0
587,1765227284410,1,10,0,0,0,0,0,0
588,1765227284684,1,10,0,0,0,0,0,0
589,1765227284836,1,10,0,0,0,0,0,0
590,1765227285168,1,10,0,0,0,0,0,0
591,1765227285627,1,10,0,0,0,0,0,0
592,1765227285943,1,10,0,0,0,0,0,0
593,1765227286093,1,10,0,0,0,0,0,0
594,1765227286385,1,10,0,0,0,0,0,0
595,1765227286844,1,10,0,0,0,0,0,0
596,1765227287144,1,10,0,0,0,0,0,0
597,1765227287285,1,10,0,0,0,0,0,0
598,1765227287586,1,10,0,0,0,0,0,0
599,1765227288034,1,10,0,0,0,0,0,0
600,1765227288319,1,10,0,0,0,0,0,0
601,1765227288493,1,10,0,0,0,0,0,0
602,1765227288826,1,10,0,0,0,0,0,0
603,1765227289270,1,10,0,0,0,0,0,0
604,1765227289724,1,10,0,0,0,0,0,0
605,1765227290026,1,10,0,0,0,0,0,0
606,1765227290480,1,10,0,0,0,0,0,0
607,1765227290964,1,10,0,0,0,0,0,0
608,1765227291252,1,10,0,0,0,0,0,0
609,1765227291706,1,10,0,0,0,0,0,0
610,1765227292169,1,10,0,0,0,0,0,0
611,1765227292504,1,10,0,0,0,0,0,0
612,1765227293095,1,10,0,0,0,0,0,0
613,1765227293138,1,10,0,0,0,0,0,0
614,1765227293309,1,10,0,0,0,0,0,0
615,1765227293627,1,10,0,0,0,0,0,0
616,1765227294016,1,10,3,0,0,0,0,0
617,1765227294362,1,10,4,0,0,0,0,0
618,1765227294748,1,10,7,0,0,0,0,0
619,1765227295046,1,10,7,0,0,0,0,0
620,1765227295158,1,10,10,0,0,0,0,0
621,1765227295449,1,10,11,0,0,0,0,0
622,1765227295781,1,10,12,0,0,0,0,0
623,1765227295882,1,10,16,0,0,0,0,0
624,1765227296161,1,10,17,0,0,0,0,0
625,1765227296558,1,10,25,0,0,0,0,0
626,1765227296873,1,10,27,0,0,0,0,0
627,1765227297265,1,10,37,0,0,0,0,0
628,1765227297590,1,10,42,0,0,0,0,0
629,1765227297728,1,10,52,0,0,0,0,0
630,1765227297995,1,10,54,0,0,0,0,0
631,1765227298432,1,10,70,0,0,0,0,0
632,1765227298711,1,10,73,0,0,0,0,0
633,1765227299159,1,10,86,0,0,0,0,0
634,1765227299428,1,10,89,0,0,0,0,0
635,1765227299821,1,10,106,0,0,0,0,0
636,1765227300141,1,10,109,0,0,0,0,0
637,1765227300251,1,10,121,0,0,0,0,0
638,1765227300537,1,10,124,0,0,0,0,0
639,1765227300982,1,10,142,0,0,0,0,0
640,1765227301260,1,10,145,0,0,0,0,0
641,1765227301696,1,10,157,0,0,0,0,0
642,1765227301963,1,10,157,0,0,0,0,0
643,1765227302396,1,10,157,0,0,0,0,0
644,1765227302812,1,10,157,0,0,0,0,0
645,1765227303075,1,10,157,0,0,0,0,0
646,1765227304087,1,10,157,0,0,0,0,0
647,1765227304132,1,10,157,0,0,0,0,0
648,1765227304262,1,10,157,0,0,0,0,0
649,1765227304537,1,10,157,0,0,0,0,0
650,1765227304669,1,10,157,0,0,0,0,0
651,1765227304978,1,10,157,0,0,0,0,0
652,1765227305382,1,10,157,0,0,0,0,0
653,1765227305708,1,10,157,0,0,0,0,0
654,1765227306125,1,10,157,0,0,0,0,0
655,1765227306405,1,10,157,0,0,0,0,0
656,1765227306527,1,10,157,0,0,0,0,0
657,1765227306828,1,10,157,0,0,0,0,0
658,1765227307242,1,10,157,0,0,0,0,0
659,1765227307571,1,10,157,0,0,0,0,0
660,1765227307705,1,10,157,0,0,0,0,0
661,1765227307979,1,10,157,0,0,0,0,0
662,1765227308394,1,10,158,0,0,0,0,0
663,1765227308704,1,10,161,0,0,0,0,0
664,1765227309112,1,10,184,0,0,0,0,0
665,1765227309430,1,10,186,0,0,0,0,0
666,1765227309562,1,10,200,0,0,0,0,0
667,1765227309834,1,10,202,0,0,0,0,0
668,1765227310153,1,10,203,0,0,0,0,0
669,1765227310286,1,10,204,0,0,0,0,0
670,1765227310558,1,10,204,0,0,0,0,0
671,1765227311026,1,10,208,0,0,0,0,0
672,1765227311299,1,10,209,0,0,0,0,0
673,1765227311438,1,10,209,0,0,0,0,0
674,1765227311704,1,10,209,0,0,0,0,0
675,1765227312152,1,10,209,0,0,0,0,0
676,1765227312433,1,10,209,0,0,0,0,0
677,1765227312884,1,10,209,0,0,0,0,0
678,1765227313178,1,10,209,0,0,0,0,0
679,1765227313294,1,10,209,0,0,0,0,0
680,1765227313597,1,10,209,0,0,0,0,0
681,1765227313877,1,10,209,0,0,0,0,0
682,1765227314001,1,10,209,0,0,0,0,0
683,1765227314333,1,10,209,0,0,0,0,0
684,1765227315053,1,10,209,0,0,0,0,0
685,1765227315095,1,10,209,0,0,0,0,0
686,1765227315445,1,10,209,0,0,0,0,0
687,1765227315729,1,10,209,0,0,0,0,0
688,1765227315858,1,10,209,0,0,0,0,0
689,1765227316184,1,10,209,0,0,0,0,0
690,1765227316599,1,10,209,0,0,0,0,0
691,1765227316914,1,10,209,0,0,0,0,0
692,1765227317038,1,10,209,0,0,0,0,0
693,1765227317306,1,10,209,0,0,0,0,0
694,1765227317769,1,10,218,0,0,0,0,0
695,1765227318063,1,10,224,0,0,0,0,0
696,1765227318481,1,10,243,0,0,0,0,0
697,1765227318788,1,10,245,0,0,0,0,0
698,1765227318909,1,10,250,0,0,0,0,0
699,1765227319193,1,10,251,0,0,0,0,0
700,1765227319662,1,10,254,0,0,0,0,0
701,1765227319931,1,10,254,0,0,0,0,0
702,1765227320373,1,10,255,0,0,0,0,0
703,1765227320662,1,10,255,0,0,0,0,0
704,1765227320797,1,10,257,0,0,0,0,0
705,1765227321097,1,10,258,0,0,0,0,0
706,1765227321523,1,10,262,0,0,0,0,0
707,1765227321824,1,10,263,0,0,0,0,0
708,1765227322281,1,10,268,0,0,0,0,0
709,1765227322563,1,10,269,0,0,0,0,0
710,1765227322697,1,10,277,0,0,0,0,0
711,1765227323036,1,10,278,0,0,0,0,0
712,1765227323463,1,10,288,0,0,0,0,0
713,1765227323779,1,10,291,0,0,0,0,0
714,1765227323891,1,10,295,0,0,0,0,0
715,1765227324205,1,10,295,0,0,0,0,0
716,1765227324631,1,10,295,0,0,0,0,0
717,1765227324965,1,10,295,0,0,0,0,0
718,1765227325117,1,10,295,0,0,0,0,0
719,1765227325894,1,10,295,0,0,0,0,0
720,1765227325963,1,10,295,0,0,0,0,0
721,1765227326150,1,10,295,0,0,0,0,0
722,1765227326310,1,10,295,0,0,0,0,0
723,1765227326637,1,10,295,0,0,0,0,0
724,1765227327078,1,10,295,0,0,0,0,0
725,1765227327369,1,10,295,0,0,0,0,0
726,1765227327493,1,10,295,0,0,0,0,0
727,1765227327810,1,10,295,0,0,0,0,0
728,1765227328210,1,10,295,0,0,0,0,0
729,1765227328553,1,10,295,0,0,0,0,0
730,1765227328962,1,10,295,0,0,0,0,0
731,1765227329261,1,10,295,0,0,0,0,0
732,1765227329370,1,10,295,0,0,0,0,0
733,1765227329671,1,10,295,0,0,0,0,0
734,1765227330094,1,10,295,0,0,0,0,0
735,1765227330410,1,10,295,0,0,0,0,0
736,1765227330818,1,10,295,0,0,0,0,0
737,1765227331119,1,10,295,0,0,0,0,0
738,1765227331252,1,10,295,0,0,0,0,0
739,1765227331552,1,10,295,0,0,0,0,0
740,1765227332010,1,10,295,0,0,0,0,0
741,1765227332295,1,10,295,0,0,0,0,0
742,1765227332743,1,10,295,0,0,0,0,0
743,1765227333160,1,10,295,0,0,0,0,0
744,1765227333459,1,10,295,0,0,0,0,0
745,1765227333884,1,10,295,0,0,0,0,0
746,1765227694198,1,10,0,0,0,0,0,0
747,1765227694497,1,10,0,0,0,0,0,0
748,1765227694773,1,10,0,0,0,0,0,0
749,1765227695088,1,10,0,0,0,0,0,0
750,1765227695355,1,10,0,0,0,0,0,0
751,1765227695772,1,10,0,0,0,0,0,0
752,1765227696056,1,10,0,0,0,0,0,0
753,1765227696189,1,10,0,0,0,0,0,0
754,1765227697038,1,10,0,0,0,0,0,0
755,1765227697120,1,10,0,0,0,0,0,0
756,1765227697238,1,10,0,0,0,0,0,0
757,1765227697381,1,10,0,0,0,0,0,0
758,1765227697658,1,10,0,0,0,0,0,0
759,1765227698083,1,10,0,0,0,0,0,0
760,1765227698408,1,10,0,0,0,0,0,0
761,1765227698833,1,10,0,0,0,0,0,0
762,1765227699142,1,10,0,0,0,0,0,0
763,1765227699282,1,10,0,0,0,0,0,0
764,1765227699556,1,10,0,0,0,0,0,0
765,1765227700048,1,10,0,0,0,0,0,0
766,1765227700332,1,10,0,0,0,0,0,0
767,1765227700473,1,10,0,0,0,0,0,0
768,1765227700792,1,10,0,0,0,0,0,0
769,1765227701249,1,10,0,0,0,0,0,0
770,1765227701540,1,10,0,0,0,0,0,0
771,1765227701684,1,10,0,0,0,0,0,0
772,1765227702026,1,10,0,0,0,0,0,0
773,1765227702466,1,10,0,0,0,0,0,0
774,1765227702765,1,10,0,0,0,0,0,0
775,1765227702942,1,10,0,0,0,0,0,0
776,1765227703231,1,10,0,0,0,0,0,0
777,1765227703727,1,10,0,0,0,0,0,0
778,1765227704141,1,10,0,0,0,0,0,0
779,1765227704440,1,10,0,0,0,0,0,0
780,1765227704890,1,10,0,0,0,0,0,0
781,1765227705174,1,10,0,0,0,0,0,0
782,1765227705314,1,10,0,0,0,0,0,0
783,1765227705673,1,10,0,0,0,0,0,0
784,1765227706115,1,10,0,0,0,0,0,0
785,1765227706599,1,10,0,0,0,0,0,0
786,1765227706890,1,10,0,0,0,0,0,0
787,1765227707039,1,10,0,0,0,0,0,0
788,1765227707373,1,10,0,0,0,0,0,0
789,1765227708014,1,10,0,0,0,0,0,0
790,1765227708124,1,10,0,0,0,0,0,0
791,1765227708258,1,10,0,0,0,0,0,0
792,1765227708576,1,10,0,0,0,0,0,0
793,1765227709001,1,10,0,0,0,0,0,0
794,1765227709334,1,10,0,0,0,0,0,0
795,1765227709475,1,10,0,0,0,0,0,0
796,1765227709741,1,10,0,0,0,0,0,0
797,1765227710174,1,10,0,0,0,0,0,0
798,1765227710483,1,10,0,0,0,0,0,0
799,1765227710876,1,10,0,0,0,0,0,0
800,1765227711225,1,10,0,0,0,0,0,0
801,1765227711608,1,10,0,0,0,0,0,0
802,1765227711908,1,10,0,0,0,0,0,0
803,1765227712057,1,10,0,0,0,0,0,0
804,1765227712325,1,10,0,0,0,0,0,0
805,1765227712799,1,10,0,0,0,0,0,0
806,1765227713074,1,10,0,0,0,0,0,0
807,1765227713198,1,10,0,0,0,0,0,0
808,1765227713498,1,10,0,0,0,0,0,0
809,1765227713933,1,10,0,0,0,0,0,0
810,1765227714207,1,10,0,0,0,0,0,0
811,1765227714665,1,10,0,0,0,0,0,0
812,1765227714948,1,10,0,0,0,0,0,0
813,1765227715074,1,10,0,0,0,0,0,0
814,1765227715382,1,10,0,0,0,0,0,0
815,1765227715784,1,10,0,0,0,0,0,0
816,1765227716132,1,10,0,0,0,0,0,0
817,1765227716539,1,10,0,0,0,0,0,0
818,1765227716822,1,10,0,0,0,0,0,0
819,1765227716949,1,10,0,0,0,0,0,0
820,1765227717247,1,10,0,0,0,0,0,0
821,1765227717664,1,10,0,0,0,0,0,0
822,1765227717981,1,10,0,0,0,0,0,0
823,1765227718970,1,10,0,0,0,0,0,0
824,1765227719036,1,10,0,0,0,0,0,0
825,1765227719053,1,10,0,0,0,0,0,0
826,1765227719129,1,10,0,0,0,0,0,0
827,1765227719580,1,10,0,0,0,0,0,0
828,1765227719873,1,10,0,0,0,0,0,0
829,1765227720265,1,10,0,0,0,0,0,0
830,1765227720581,1,10,0,0,0,0,0,0
831,1765227720708,1,10,0,0,0,0,0,0
832,1765227720998,1,10,0,0,0,0,0,0
833,1765227721438,1,10,0,0,0,0,0,0
834,1765227721740,1,10,0,0,0,0,0,0
835,1765227722172,1,10,0,0,0,0,0,0
836,1765227722474,1,10,0,0,0,0,0,0
837,1765227722572,1,10,0,0,0,0,0,0
838,1765227722913,1,10,0,0,0,0,0,0
839,1765227723313,1,10,5,0,0,0,0,0
840,1765227723614,1,10,6,0,0,0,0,0
841,1765227724046,1,10,10,0,0,0,0,0
842,1765227724321,1,10,11,0,0,0,0,0
843,1765227724464,1,10,14,0,0,0,0,0
844,1765227724797,1,10,15,0,0,0,0,0
845,1765227725187,1,10,21,0,0,0,0,0
846,1765227725488,1,10,23,0,0,0,0,0
847,1765227725889,1,10,29,0,0,0,0,0
848,1765227726220,1,10,32,0,0,0,0,0
849,1765227726297,1,10,37,0,0,0,0,0
850,1765227726605,1,10,39,0,0,0,0,0
851,1765227727021,1,10,48,0,0,0,0,0
852,1765227727329,1,10,50,0,0,0,0,0
853,1765227727742,1,10,59,0,0,0,0,0
854,1765227728071,1,10,61,0,0,0,0,0
855,1765227728204,1,10,73,0,0,0,0,0
856,1765227728488,1,10,75,0,0,0,0,0
857,1765227728922,1,10,88,0,0,0,0,0
858,1765227729199,1,10,91,0,0,0,0,0
859,1765227729873,1,10,109,0,0,0,0,0
860,1765227729940,1,10,112,0,0,0,0,0
861,1765227730043,1,10,124,0,0,0,0,0
862,1765227730329,1,10,128,0,0,0,0,0
863,1765227730629,1,10,134,0,0,0,0,0
864,1765227730720,1,10,136,0,0,0,0,0
865,1765227731003,1,10,137,0,0,0,0,0
866,1765227731445,1,10,141,0,0,0,0,0
867,1765227731744,1,10,141,0,0,0,0,0
868,1765227732171,1,10,159,0,0,0,0,0
869,1765227732453,1,10,165,0,0,0,0,0
870,1765227732570,1,10,179,0,0,0,0,0
871,1765227732878,1,10,182,0,0,0,0,0
872,1765227733327,1,10,190,0,0,0,0,0
873,1765227733626,1,10,191,0,0,0,0,0
874,1765227734061,1,10,194,0,0,0,0,0
875,1765227734336,1,10,194,0,0,0,0,0
876,1765227734477,1,10,196,0,0,0,0,0
877,1765227734827,1,10,196,0,0,0,0,0
878,1765227735227,1,10,202,0,0,0,0,0
879,1765227735544,1,10,204,0,0,0,0,0
880,1765227735644,1,10,212,0,0,0,0,0
881,1765227735969,1,10,216,0,0,0,0,0
882,1765227736384,1,10,230,0,0,0,0,0
883,1765227736718,1,10,233,0,0,0,0,0
884,1765227737135,1,10,251,0,0,0,0,0
885,1765227737585,1,10,269,0,0,0,0,0
886,1765227737869,1,10,272,0,0,0,0,0
887,1765227738343,1,10,295,0,0,0,0,0
888,1765227738610,1,10,298,0,0,0,0,0
889,1765227738718,1,10,314,0,0,0,0,0
890,1765227739011,1,10,318,0,0,0,0,0
891,1765227739457,1,10,329,0,0,0,0,0
892,1765227739747,1,10,330,0,0,0,0,0
893,1765227740233,1,10,335,0,0,0,0,0
894,1765227740872,1,10,336,0,0,0,0,0
895,1765227741008,1,10,336,0,0,0,0,0
896,1765227741160,1,10,336,0,0,0,0,0
897,1765227741443,1,10,336,0,0,0,0,0
898,1765227741901,1,10,336,0,0,0,0,0
899,1765227742218,1,10,336,0,0,0,0,0
900,1765227742376,1,10,336,0,0,0,0,0
901,1765227742670,1,10,336,0,0,0,0,0
902,1765227743118,1,10,336,0,0,0,0,0
903,1765227743401,1,10,336,0,0,0,0,0
904,1765227743870,1,10,336,0,0,0,0,0
905,1765227744267,1,10,336,0,0,0,0,0
906,1765227744585,1,10,336,0,0,0,0,0
907,1765227745001,1,10,336,0,0,0,0,0
908,1765227745277,1,10,336,0,0,0,0,0
909,1765227745727,1,10,336,0,0,0,0,0
910,1765227746002,1,10,336,0,0,0,0,0
911,1765227746126,1,10,336,0,0,0,0,0
912,1765227746451,1,10,336,0,0,0,0,0
913,1765227746843,1,10,336,0,0,0,0,0
914,1765227747184,1,10,336,0,0,0,0,0
915,1765227747300,1,10,336,0,0,0,0,0
916,1765227747584,1,10,336,0,0,0,0,0
917,1765227747892,1,10,336,0,0,0,0,0
918,1765227747992,1,10,336,0,0,0,0,0
919,1765227748308,1,10,336,0,0,0,0,0
920,1765227748709,1,10,336,0,0,0,0,0
921,1765227749050,1,10,336,0,0,0,0,0
922,1765227749168,1,10,336,0,0,0,0,0
923,1765227749443,1,10,336,0,0,0,0,0
924,1765227749758,1,10,336,0,0,0,0,0
925,1765227749892,1,10,336,0,0,0,0,0
926,1765227750168,1,10,336,0,0,0,0,0
927,1765227750634,1,10,336,0,0,0,0,0
928,1765227750909,1,10,336,0,0,0,0,0
929,1765227751785,1,10,336,0,0,0,0,0
930,1765227751883,1,10,336,0,0,0,0,0
931,1765227752035,1,10,336,0,0,0,0,0
932,1765227752512,1,10,336,0,0,0,0,0
933,1765227752794,1,10,336,0,0,0,0,0
934,1765227753201,1,10,336,0,0,0,0,0
935,1765227753485,1,10,336,0,0,0,0,0
936,1765227753611,1,10,337,0,0,0,0,0
937,1765227753952,1,10,340,0,0,0,0,0
938,1765227754335,1,10,364,0,0,0,0,0
939,1765227754626,1,10,365,0,0,0,0,0
940,1765227755058,1,10,381,0,0,0,0,0
941,1765227755342,1,10,383,0,0,0,0,0
942,1765227755451,1,10,385,0,0,0,0,0
943,1765227755801,1,10,385,0,0,0,0,0
944,1765227756202,1,10,389,0,0,0,0,0
945,1765227756518,1,10,390,0,0,0,0,0
946,1765227756918,1,10,401,0,0,0,0,0
947,1765227757243,1,10,403,0,0,0,0,0
948,1765227757343,1,10,413,0,0,0,0,0
949,1765227757660,1,10,416,0,0,0,0,0
950,1765227758043,1,10,434,0,0,0,0,0
951,1765227758359,1,10,438,0,0,0,0,0
952,1765227758752,1,10,455,0,0,0,0,0
953,1765227759092,1,10,458,0,0,0,0,0
954,1765227759208,1,10,477,0,0,0,0,0
955,1765227759493,1,10,481,0,0,0,0,0
956,1765227759943,1,10,500,0,0,0,0,0
957,1765227760229,1,10,509,0,0,0,0,0
958,1765227760642,1,10,530,0,0,0,0,0
959,1765227760945,1,10,534,0,0,0,0,0
960,1765227761085,1,10,557,0,0,0,0,0
961,1765227761367,1,10,562,0,0,0,0,0
962,1765227761802,1,10,587,0,0,0,0,0
963,1765227762076,2562,10,593,0,0,0,0,0
964,1765227762794,1,10,626,0,0,0,0,0
965,1765227762853,1,10,631,0,0,0,0,0
966,1765227762956,1,10,655,0,0,0,0,0
967,1765227763272,1,10,661,0,0,0,0,0
968,1765227763665,1,10,697,0,0,0,0,0
969,1765227763954,1,10,703,0,0,0,0,0
970,1765227764398,1,10,734,0,0,0,0,0
971,1765227764680,1,10,747,0,0,0,0,0
972,1765227764796,1,10,773,0,0,0,0,0
973,1765227765129,1,10,779,0,0,0,0,0
974,1765227765497,1,10,821,0,0,0,0,0
975,1765227765831,1,10,828,0,0,0,0,0
976,1765227766229,1,10,863,0,0,0,0,0
977,1765227766563,1,10,871,0,0,0,0,0
978,1765227766655,1,10,871,0,0,0,0,0
979,1765227766979,1,10,871,0,0,0,0,0
980,1765227767721,1,10,871,0,0,0,0,0
981,1765227768144,1,2314,22270,0,0,0,0,0
982,1765227768453,1,10,871,0,0,0,0,0
983,1765227768583,1,10,871,0,0,0,0,0
984,1765227768864,1,10,871,0,0,0,0,0
985,1765227769322,1,10,871,0,0,0,0,0
986,1765227769613,1,10,871,0,0,0,0,0
987,1765227769754,1,10,882,0,0,0,0,0
988,1765227770471,1,10,923,0,0,0,0,0
989,1765227770746,1,10,929,0,0,0,0,0
990,1765227771229,1,10,963,0,0,0,0,0
991,1765227771507,1,10,969,0,0,0,0,0
992,1765227771639,1,10,993,0,0,0,0,0
993,1765227771963,1,10,1000,0,0,0,0,0
994,1765227772379,1,10,1038,0,0,0,0,0
995,1765227772721,1,10,1044,0,0,0,0,0
996,1765227773146,1,10,1079,0,0,0,0,0
997,1765227774011,1,10,1121,0,0,0,0,0
998,1765227774069,1,10,1129,0,0,0,0,0
999,1765227774286,1,10,1165,0,0,0,0,0
1000,1765227774620,1,10,1179,0,0,0,0,0
1001,1765227774750,1,10,1209,0,0,0,0,0
1002,1765227775037,1,10,1216,0,0,0,0,0
1003,1765227775496,1,10,1262,0,0,0,0,0
1004,1765227775781,1,10,1270,0,0,0,0,0
1005,1765227775914,1,10,1301,0,0,0,0,0
1006,1765227776247,1,10,1301,0,0,0,0,0
1007,1765227776696,1,10,1303,0,0,0,0,0
1008,1765227776995,1,10,1303,0,0,0,0,0
1009,1765227777113,1,10,1303,0,0,0,0,0
1010,1765227777437,1,10,1303,0,0,0,0,0
1011,1765227777871,1,10,1303,0,0,0,0,0
1012,1765227778204,1,10,1303,0,0,0,0,0
1013,1765227778328,1,10,1303,0,0,0,0,0
1014,1765227778625,1,10,1303,0,0,0,0,0
1015,1765227779346,1,10,1304,0,0,0,0,0
1016,1765227779738,1,10,1319,0,0,0,0,0
1017,1765227780087,1,10,1324,0,0,0,0,0
1018,1765227780463,1,10,1347,0,0,0,0,0
1019,1765227780796,1,10,1353,0,0,0,0,0
1020,1765227780897,1,10,1371,0,0,0,0,0
1021,1765227781180,1,10,1372,0,0,0,0,0
1022,1765227781639,1,10,1382,0,0,0,0,0
1023,1765227781937,1,10,1383,0,0,0,0,0
1024,1765227782304,1,10,1391,0,0,0,0,0
1025,1765227782637,1,10,1396,0,0,0,0,0
1026,1765227782763,1,10,1420,0,0,0,0,0
1027,1765227783021,1,10,1426,0,0,0,0,0
1028,1765227783470,1,10,1459,0,0,0,0,0
1029,1765227783769,1,10,1465,0,0,0,0,0
1030,1765227784203,1,10,1494,0,0,0,0,0
1031,1765227784479,1,10,1505,0,0,0,0,0
1032,1765227785053,1,10,1528,0,0,0,0,0
1033,1765227785133,1,10,1533,0,0,0,0,0
1034,1765227785316,1,10,1568,0,0,0,0,0
1035,1765227785591,1,10,1574,0,0,0,0,0
1036,1765227786018,1,10,1604,0,0,0,0,0
1037,1765227786302,1,10,1610,0,0,0,0,0
1038,1765227786736,1,10,1648,0,0,0,0,0
1039,1765227787018,1,10,1655,0,0,0,0,0
1040,1765227787128,1,10,1681,0,0,0,0,0
1041,1765227787469,1,10,1688,0,0,0,0,0
1042,1765227787853,1,10,1731,0,0,0,0,0
1043,1765227788169,1,10,1739,0,0,0,0,0
1044,1765227788561,1,10,1760,0,0,0,0,0
1045,1765227788836,1,10,1769,0,0,0,0,0
1046,1765227789252,1,10,1790,0,0,0,0,0
1047,1765227789995,1,10,1825,0,0,0,0,0
1048,1765227790385,1,10,1845,0,0,0,0,0
1049,1765227791110,1,10,1870,0,0,0,0,0
1050,1765227791528,1,10,1888,0,0,0,0,0
1051,1765227791819,1,10,1888,0,0,0,0,0
1052,1765227792103,1,10,1888,0,0,0,0,0
1053,1765227792235,1,10,1893,0,0,0,0,0
1054,1765227792544,1,10,1894,0,0,0,0,0
1055,1765227792961,1,10,1896,0,0,0,0,0
1056,1765227793294,1,10,1901,0,0,0,0,0
1057,1765227793410,1,10,1925,0,0,0,0,0
1058,1765227793676,1,10,1932,0,0,0,0,0
1059,1765227794126,1,10,1954,0,0,0,0,0
1060,1765227794410,1,10,1954,0,0,0,0,0
1061,1765227794819,1,10,1964,0,0,0,0,0
1062,1765227795143,1,10,1965,0,0,0,0,0
1063,1765227795528,1,10,1974,0,0,0,0,0
1064,1765227796349,1,10,1999,0,0,0,0,0
1065,1765227796403,1,10,2003,0,0,0,0,0
1066,1765227796707,1,10,2024,0,0,0,0,0
1067,1765227796986,1,10,2027,0,0,0,0,0
1068,1765227797407,1,10,2038,0,0,0,0,0
1069,1765227797674,1,10,2043,0,0,0,0,0
1070,1765227797799,1,10,2051,0,0,0,0,0
1071,1765227798544,1,10,2064,0,0,0,0,0
1072,1765227798826,1,10,2066,0,0,0,0,0
1073,1765227799243,1,10,2075,0,0,0,0,0
1074,1765227799516,1,9230,3146,1680,0,0,0,0
1075,1765227799984,1,10,2087,0,0,0,0,0
1076,1765227800375,1,10,2096,0,0,0,0,0
1077,1765227800682,1,10,2098,0,0,0,0,0
1078,1765227801098,1,10,2109,0,0,0,0,0
1079,1765227801374,1,10,2111,0,0,0,0,0
1080,1765227801834,1,10,2120,0,0,0,0,0
1081,1765227802117,1,10,2124,0,0,0,0,0
1082,1765227802223,1,10,2131,0,0,0,0,0
1083,1765227802556,1,10,2133,0,0,0,0,0
1084,1765227802957,1,10,2144,0,0,0,0,0
1085,1765227803311,1,10,2145,0,0,0,0,0
1086,1765227803433,1,10,2153,0,0,0,0,0
1087,1765227803704,1,10,2154,0,0,0,0,0
1088,1765227804099,1,10,2165,0,0,0,0,0
1089,1765227804417,1,10,2166,0,0,0,0,0
1090,1765227804811,1,10,2175,0,0,0,0,0
1091,1765227805157,1,10,2177,0,0,0,0,0
1092,1765227805267,1,10,2186,0,0,0,0,0
1093,1765227805565,1,10,2188,0,0,0,0,0
1094,1765227806006,1,10,2197,0,0,0,0,0
1095,1765227806306,1,10,2199,0,0,0,0,0
1096,1765227806777,1,10,2210,0,0,0,0,0
1097,1765227807665,1,10,2212,0,0,0,0,0
1098,1765227807715,1,10,2221,0,0,0,0,0
1099,1765227807757,1,10,2225,0,0,0,0,0
1100,1765227807925,1,10,2233,0,0,0,0,0
1101,1765227808216,1,10,2233,0,0,0,0,0
1102,1765227808348,1,10,2236,0,0,0,0,0
1103,1765227808692,1,10,2237,0,0,0,0,0
1104,1765227809091,1,10,2238,0,0,0,0,0
1105,1765227809408,1,10,2238,0,0,0,0,0
1106,1765227809566,1,10,2238,0,0,0,0,0
1107,1765227809850,1,10,2238,0,0,0,0,0
1108,1765227810307,1,10,2238,0,0,0,0,0
1109,1765227810643,1,10,2238,0,0,0,0,0
1110,1765227810783,1,10,2238,0,0,0,0,0
1111,1765227811068,1,10,2238,0,0,0,0,0
1112,1765227811549,1,10,2238,0,0,0,0,0
1113,1765227811851,1,10,2238,0,0,0,0,0
1114,1765227811973,1,10,2238,0,0,0,0,0
1115,1765227812315,1,10,2238,0,0,0,0,0
1116,1765227812707,1,10,2238,0,0,0,0,0
1117,1765227813023,1,10,2238,0,0,0,0,0
1118,1765227813415,1,10,2241,0,0,0,0,0
1119,1765227813706,1,10,2246,0,0,0,0,0
1120,1765227814143,1,10,2270,0,0,0,0,0
1121,1765227814415,1,10,2273,0,0,0,0,0
1122,1765227814508,1,10,2284,0,0,0,0,0
1123,1765227814831,1,10,2285,0,0,0,0,0
1124,1765227815100,1,10,2286,0,0,0,0,0
1125,1765227815223,1,10,2290,0,0,0,0,0
1126,1765227815541,1,10,2290,0,0,0,0,0
1127,1765227815924,1,10,2291,0,0,0,0,0
1128,1765227816224,1,10,2292,0,0,0,0,0
1129,1765227816619,1,10,2295,0,0,0,0,0
1130,1765227816907,1,10,2296,0,0,0,0,0
1131,1765227817332,1,10,2301,0,0,0,0,0
1132,1765227817607,1,10,2302,0,0,0,0,0
1133,1765227817706,1,10,2307,0,0,0,0,0
1134,1765227818603,1,10,2308,0,0,0,0,0
1135,1765227818692,1,10,2317,0,0,0,0,0
1136,1765227819451,1,10,2328,0,0,0,0,0
1137,1765227819839,1,10,2339,0,0,0,0,0
1138,1765227820133,1,10,2341,0,0,0,0,0
1139,1765227820241,1,10,2348,0,0,0,0,0
1140,1765227820582,1,10,2350,0,0,0,0,0
1141,1765227820966,1,10,2362,0,0,0,0,0
1142,1765227821290,1,10,2362,0,0,0,0,0
1143,1765227821675,1,10,2365,0,0,0,0,0
1144,1765227822025,1,10,2366,0,0,0,0,0
1145,1765227822134,1,10,2367,0,0,0,0,0
1146,1765227822426,1,10,2367,0,0,0,0,0
1147,1765227822807,1,10,2393,0,0,0,0,0
1148,1765227823148,1,10,2396,0,0,0,0,0
1149,1765227823527,1,10,2409,0,0,0,0,0
1150,1765227823867,1,10,2411,0,0,0,0,0
1151,1765227823975,1,10,2416,0,0,0,0,0
1152,1765227824259,1,10,2416,0,0,0,0,0
1153,1765227824558,1,10,2417,0,0,0,0,0
1154,1765227824683,1,10,2419,0,0,0,0,0
1155,1765227824952,1,10,2421,0,0,0,0,0
1156,1765227825391,1,10,2430,0,0,0,0,0
1157,1765227825683,1,10,2432,0,0,0,0,0
1158,1765227826075,1,10,2445,0,0,0,0,0
1159,1765227826416,1,10,2447,0,0,0,0,0
1160,1765227826533,1,10,2458,0,0,0,0,0
1161,1765227826807,1,10,2460,0,0,0,0,0
1162,1765227827282,1,10,2478,0,0,0,0,0
1163,1765227827559,1,10,2482,0,0,0,0,0
1164,1765227828283,1,10,2503,0,0,0,0,0
1165,1765227828390,1,10,2521,0,0,0,0,0
1166,1765227828709,1,10,2525,0,0,0,0,0
1167,1765227829707,1,10,2545,0,0,0,0,0
1168,1765227829761,1,10,2549,0,0,0,0,0
1169,1765227829830,1,10,2574,0,0,0,0,0
1170,1765227830097,1,10,2578,0,0,0,0,0
1171,1765227830558,1,10,2604,0,0,0,0,0
1172,1765227830942,1,10,2626,0,0,0,0,0
1173,1765227831259,1,10,2630,0,0,0,0,0
1174,1765227831650,1,10,2658,0,0,0,0,0
1175,1765227831958,1,10,2662,0,0,0,0,0
1176,1765227832383,1,10,2686,0,0,0,0,0
1177,1765227832656,1,10,2691,0,0,0,0,0
1178,1765227832774,193,198,2715,0,0,0,0,0
1179,1765227833085,1,10,2720,0,0,0,0,0
1180,1765227833357,1,10,2725,0,0,0,0,0
1181,1765227833483,1,10,2745,0,0,0,0,0
1182,1765227833816,1,10,2751,0,0,0,0,0
1183,1765227834184,1,10,2785,0,0,0,0,0
1184,1765227834516,1,10,2792,0,0,0,0,0
1185,1765227834899,1,10,2832,0,0,0,0,0
1186,1765227835225,1,10,2840,0,0,0,0,0
1187,1765227835299,1,10,2871,0,0,0,0,0
1188,1765227835640,1,10,2879,0,0,0,0,0
1189,1765227836057,1,10,2885,0,0,0,0,0
1190,1765227836357,1,10,2888,0,0,0,0,0
1191,1765227836766,1,10,2891,0,0,0,0,0
1192,1765227837090,1,10,2891,0,0,0,0,0
1193,1765227837208,1,10,2893,0,0,0,0,0
1194,1765227837508,1,8714,14687,3,0,0,0,0
1195,1765227837915,1,10,2893,0,0,0,0,0
1196,1765227838225,1,10,2893,0,0,0,0,0
1197,1765227839116,1,10,2922,0,0,0,0,0
1198,1765227839849,1,10,2960,0,0,0,0,0
1199,1765227840130,1,10,2965,0,0,0,0,0
1200,1765227840258,1,10,2993,0,0,0,0,0
1201,1765227841120,1,10,2998,0,0,0,0,0
1202,1765227841206,1,10,3029,0,0,0,0,0
1203,1765227841299,1,10,3035,0,0,0,0,0
1204,1765227841743,1,10,3075,0,0,0,0,0
1205,1765227842030,1,10,3082,0,0,0,0,0
1206,1765227842173,1,10,3112,0,0,0,0,0
1207,1765227842510,1,10,3119,0,0,0,0,0
1208,1765227842927,1,10,3166,0,0,0,0,0
1209,1765227843256,1,10,3174,0,0,0,0,0
1210,1765227843383,1,10,3206,0,0,0,0,0
1211,1765227843656,1,10,3214,0,0,0,0,0
1212,1765227844113,0,0,3255,0,0,0,0,0
1213,1765227844415,0,0,3255,0,0,0,0,0
1214,1765227844556,0,0,3255,0,0,0,0,0
1215,1765227844830,0,0,3255,0,0,0,0,0
1216,1765227845289,0,0,3255,0,0,0,0,0
1217,1765227845575,0,0,3255,0,0,0,0,0
1218,1765227846064,0,0,3255,0,0,0,0,0
1219,1765227846496,0,0,3255,0,0,0,0,0
1220,1765227846814,0,0,3255,0,0,0,0,0
1221,1765227847221,0,0,3255,0,0,0,0,0
1222,1765227847523,0,0,3255,0,0,0,0,0
1223,1765227847623,0,0,3255,0,0,0,0,0
1224,1765227847964,0,0,3255,0,0,0,0,0
1225,1765227848354,0,0,3255,0,0,0,0,0
1226,1765227848681,0,0,3255,0,0,0,0,0
1227,1765227849076,0,0,3255,0,0,0,0,0
1228,1765227849419,0,0,3255,0,0,0,0,0
1229,1765227849539,0,0,3255,0,0,0,0,0
1230,1765227849815,0,0,3255,0,0,0,0,0
1231,1765227850202,0,0,3255,0,0,0,0,0
1232,1765227850527,0,0,3255,0,0,0,0,0
1233,1765227850929,0,0,3255,0,0,0,0,0
1234,1765227851238,0,0,3255,0,0,0,0,0
1235,1765227851370,0,0,3255,0,0,0,0,0
1236,1765227852114,0,0,3255,0,0,0,0,0
1237,1765227852192,0,0,3255,0,0,0,0,0
1238,1765227852217,0,0,3255,0,0,0,0,0
1239,1765227852378,0,0,3255,0,0,0,0,0
1240,1765227852816,0,0,3255,0,0,0,0,0
1241,1765227853085,0,0,3255,0,0,0,0,0
1242,1765227853469,0,0,3255,0,0,0,0,0
1243,1765227853794,0,0,3255,0,0,0,0,0
1244,1765227853893,0,0,3255,0,0,0,0,0
1245,1765227854176,0,0,3255,0,0,0,0,0
1246,1765227854636,0,0,3255,0,0,0,0,0
1247,1765227854910,0,0,3255,0,0,0,0,0
1248,1765227855360,0,0,3255,0,0,0,0,0
1249,1765227855643,0,0,3255,0,0,0,0,0
1250,1765227855761,0,0,3255,0,0,0,0,0
1251,1765227856101,0,0,3255,0,0,0,0,0
1252,1765227856502,0,0,3255,0,0,0,0,0
1253,1765227856771,0,0,3255,0,0,0,0,0
1254,1765227857235,0,0,3255,0,0,0,0,0
1255,1765227857519,0,0,3255,0,0,0,0,0
1256,1765227857635,0,0,3255,0,0,0,0,0
1257,1765227860028,1,10,0,0,0,0,0,0
1258,1765227860326,1,10,0,0,0,0,0,0
1259,1765227860592,1,10,0,0,0,0,0,0
1260,1765227860909,1,10,0,0,0,0,0,0
1261,1765227861184,1,10,0,0,0,0,0,0
1262,1765227861602,1,10,0,0,0,0,0,0
1263,1765227861875,1,10,0,0,0,0,0,0
1264,1765227861993,1,10,0,0,0,0,0,0
1265,1765227862334,1,10,0,0,0,0,0,0
1266,1765227862725,1,10,0,0,0,0,0,0
1267,1765227863046,1,10,0,0,0,0,0,0
1268,1765227863434,1,10,0,0,0,0,0,0
1269,1765227863745,1,10,0,0,0,0,0,0
1270,1765227864193,1,10,0,0,0,0,0,0
1271,1765227864583,1,10,0,0,0,0,0,0
1272,1765227865302,1,10,0,0,0,0,0,0
1273,1765227865387,1,10,0,0,0,0,0,0
1274,1765227865657,1,10,0,0,0,0,0,0
1275,1765227865791,1,10,0,0,0,0,0,0
1276,1765227866074,1,10,0,0,0,0,0,0
1277,1765227866498,1,10,0,0,0,0,0,0
1278,1765227866814,1,10,0,0,0,0,0,0
1279,1765227866948,1,10,0,0,0,0,0,0
1280,1765227867239,1,10,0,0,0,0,0,0
1281,1765227867732,1,10,0,0,0,0,0,0
1282,1765227868009,1,10,0,0,0,0,0,0
1283,1765227868148,1,10,0,0,0,0,0,0
1284,1765227868465,1,10,0,0,0,0,0,0
1285,1765227868889,1,10,0,0,0,0,0,0
1286,1765227869240,1,10,0,0,0,0,0,0
1287,1765227869399,1,10,0,0,0,0,0,0
1288,1765227869680,1,10,0,0,0,0,0,0
1289,1765227870105,1,10,0,0,0,0,0,0
1290,1765227870423,1,10,0,0,0,0,0,0
1291,1765227870572,1,10,0,0,0,0,0,0
1292,1765227870873,1,10,0,0,0,0,0,0
1293,1765227871339,1,10,0,0,0,0,0,0
1294,1765227871622,1,10,0,0,0,0,0,0
1295,1765227871777,1,10,0,0,0,0,0,0
1296,1765227872097,1,10,0,0,0,0,0,0
1297,1765227872523,1,10,0,0,0,0,0,0
1298,1765227872857,1,10,0,0,0,0,0,0
1299,1765227873298,1,10,0,0,0,0,0,0
1300,1765227873736,1,10,0,0,0,0,0,0
1301,1765227874038,1,10,0,0,0,0,0,0
1302,1765227874198,1,10,0,0,0,0,0,0
1303,1765227874489,1,10,0,0,0,0,0,0
1304,1765227874977,1,10,0,0,0,0,0,0
1305,1765227875258,1,10,0,0,0,0,0,0
1306,1765227875399,1,10,0,0,0,0,0,0
1307,1765227876201,1,10,0,0,0,0,0,0
1308,1765227876269,1,10,0,0,0,0,0,0
1309,1765227876454,1,10,0,0,0,0,0,0
1310,1765227876917,1,10,0,0,0,0,0,0
1311,1765227877331,1,10,0,0,0,0,0,0
1312,1765227877656,1,10,0,0,0,0,0,0
1313,1765227878073,1,10,0,0,0,0,0,0
1314,1765227878391,1,10,0,0,0,0,0,0
1315,1765227878536,1,10,0,0,0,0,0,0
1316,1765227878823,1,10,0,0,0,0,0,0
1317,1765227879215,1,10,0,0,0,0,0,0
1318,1765227879538,1,10,0,0,0,0,0,0
1319,1765227879947,1,10,0,0,0,0,0,0
1320,1765227880405,1,10,0,0,0,0,0,0
1321,1765227880680,1,10,0,0,0,0,0,0
1322,1765227881115,1,10,0,0,0,0,0,0
1323,1765227881384,1,10,0,0,0,0,0,0
1324,1765227881855,1,10,0,0,0,0,0,0
1325,1765227882138,1,10,0,0,0,0,0,0
1326,1765227882273,1,10,0,0,0,0,0,0
1327,1765227882540,1,10,0,0,0,0,0,0
1328,1765227882972,1,10,0,0,0,0,0,0
1329,1765227883263,1,10,0,0,0,0,0,0
1330,1765227883714,1,10,0,0,0,0,0,0
1331,1765227883996,1,10,0,0,0,0,0,0
1332,1765227884131,1,10,0,0,0,0,0,0
1333,1765227884431,1,10,0,0,0,0,0,0
1334,1765227884838,1,10,0,0,0,0,0,0
1335,1765227885180,1,10,0,0,0,0,0,0
1336,1765227885581,1,10,0,0,0,0,0,0
1337,1765227885856,1,10,0,0,0,0,0,0
1338,1765227885971,1,10,0,0,0,0,0,0
1339,1765227886288,1,10,0,0,0,0,0,0
1340,1765227887156,1,10,0,0,0,0,0,0
1341,1765227887213,1,10,0,0,0,0,0,0
1342,1765227887751,1,10,0,0,0,0,0,0
1343,1765227887866,1,10,0,0,0,0,0,0
1344,1765227888148,1,10,0,0,0,0,0,0
1345,1765227888567,1,10,0,0,0,0,0,0
1346,1765227888865,1,10,0,0,0,0,0,0
1347,1765227889310,1,10,0,0,0,0,0,0
1348,1765227889625,1,10,0,0,0,0,0,0
1349,1765227889740,1,10,0,0,0,0,0,0
1350,1765227890016,1,10,0,0,0,0,0,0
1351,1765227890472,1,10,0,0,0,0,0,0
1352,1765227890757,1,10,0,0,0,0,0,0
1353,1765227891181,1,10,0,0,0,0,0,0
1354,1765227891472,1,10,0,0,0,0,0,0
1355,1765227891581,1,10,0,0,0,0,0,0
1356,1765227891865,1,10,0,0,0,0,0,0
1357,1765227892332,1,10,0,0,0,0,0,0
1358,1765227892614,1,10,0,0,0,0,0,0
1359,1765227893314,1,10,0,0,0,0,0,0
1360,1765227893440,1,10,0,0,0,0,0,0
1361,1765227893778,1,10,0,0,0,0,0,0
1362,1765227894172,1,10,0,0,0,0,0,0
1363,1765227894880,1,10,0,0,0,0,0,0
1364,1765227895155,1,10,0,0,0,0,0,0
1365,1765227895598,1,10,0,0,0,0,0,0
1366,1765227895887,1,10,0,0,0,0,0,0
1367,1765227896018,1,10,0,0,0,0,0,0
1368,1765227896330,1,10,0,0,0,0,0,0
1369,1765227896713,1,10,0,0,0,0,0,0
1370,1765227897055,1,10,0,0,0,0,0,0
1371,1765227897181,1,10,0,0,0,0,0,0
1372,1765227897473,1,10,0,0,0,0,0,0
1373,1765227897764,1,10,0,0,0,0,0,0
1374,1765227897863,1,10,0,0,0,0,0,0
1375,1765227898529,1,10,0,0,0,0,0,0
1376,1765227898628,1,10,0,0,0,0,0,0
1377,1765227898896,1,10,0,0,0,0,0,0
1378,1765227899298,1,10,0,0,0,0,0,0
1379,1765227899599,1,10,0,0,0,0,0,0
1380,1765227899723,1,10,0,0,0,0,0,0
1381,1765227900015,1,10,0,0,0,0,0,0
1382,1765227900457,1,10,0,0,0,0,0,0
1383,1765227900739,1,10,0,0,0,0,0,0
1384,1765227901165,1,10,0,0,0,0,0,0
1385,1765227901482,1,10,0,0,0,0,0,0
1386,1765227901619,1,10,0,0,0,0,0,0
1387,1765227901907,1,20490,0,0,0,0,0,0
1388,1765227902389,1,10,0,0,0,0,0,0
1389,1765227902656,1,10,0,0,0,0,0,0
1390,1765227902807,1,10,0,0,0,0,0,0
1391,1765227903123,1,10,0,0,0,0,0,0
1392,1765227903535,1,10,0,0,0,0,0,0
1393,1765227903867,1,10,0,0,0,0,0,0
1394,1765227904315,1,10,0,0,0,0,0,0
1395,1765227904732,1,10,0,0,0,0,0,0
1396,1765227905047,1,10,0,0,0,0,0,0
1397,1765227905497,1,10,0,0,0,0,0,0
1398,1765227905988,1,10,0,0,0,0,0,0
1399,1765227906273,1,10,0,0,0,0,0,0
1400,1765227906424,1,10,0,0,0,0,0,0
1401,1765227907172,1,10,0,0,0,0,0,0
1402,1765227907463,1,10,0,0,0,0,0,0
1403,1765227907940,1,10,0,0,0,0,0,0
1404,1765227908364,1,10,0,0,0,0,0,0
1405,1765227908698,1,10,0,0,0,0,0,0
1406,1765227908846,1,10,0,0,0,0,0,0
1407,1765227909677,1,10,0,0,0,0,0,0
1408,1765227909792,1,10,0,0,0,0,0,0
1409,1765227909919,1,10,0,0,0,0,0,0
1410,1765227910087,1,10,0,0,0,0,0,0
1411,1765227910380,1,10,0,0,0,0,0,0
1412,1765227910845,1,10,0,0,0,0,0,0
1413,1765227911129,1,10,0,0,0,0,0,0
1414,1765227911297,1,10,0,0,0,0,0,0
1415,1765227911639,1,10,0,0,0,0,0,0
1416,1765227912070,1,10,0,0,0,0,0,0
1417,1765227912387,1,10,0,0,0,0,0,0
1418,1765227912530,1,10,0,0,0,0,0,0
1419,1765227912812,1,10,0,0,0,0,0,0
1420,1765227913221,1,10,0,0,0,0,0,0
1421,1765227913548,1,10,0,0,0,0,0,0
1422,1765227913938,1,10,0,0,0,0,0,0
1423,1765227914262,1,10,0,0,0,0,0,0
1424,1765227914388,1,10,0,0,0,0,0,0
1425,1765227914662,1,10,0,0,0,0,0,0
1426,1765227915140,1,10,0,0,0,0,0,0
1427,1765227915403,1,10,0,0,0,0,0,0
1428,1765227915854,1,10,0,0,0,0,0,0
1429,1765227916262,1,10,0,0,0,0,0,0
1430,1765227916545,1,10,0,0,0,0,0,0
1431,1765227917003,1,10,0,0,0,0,0,0
1432,1765227917286,1,10,0,0,0,0,0,0
1433,1765227917719,1,10,0,0,0,0,0,0
1434,1765227917994,1,10,0,0,0,0,0,0
1435,1765227918111,1,10,0,0,0,0,0,0
1436,1765227918462,1,10,0,0,0,0,0,0
1437,1765227918871,1,10,0,0,0,0,0,0
1438,1765227919163,1,10,0,0,0,0,0,0
1439,1765227919595,1,10,0,0,0,0,0,0
1440,1765227919862,1,10,0,0,0,0,0,0
1441,1765227919988,1,10,0,0,0,0,0,0
1442,1765227920651,1,10,0,0,0,0,0,0
1443,1765227920737,1,10,0,0,0,0,0,0
1444,1765227921037,1,10,0,0,0,0,0,0
1445,1765227921170,1,10,0,0,0,0,0,0
1446,1765227921463,1,10,0,0,0,0,0,0
1447,1765227921914,1,10,0,0,0,0,0,0
1448,1765227922195,1,10,0,0,0,0,0,0
1449,1765227922588,1,10,0,0,0,0,0,0
1450,1765227932654,1,10,0,0,0,0,0,0
1451,1765227932947,1,10,0,0,0,0,0,0
1452,1765227933221,1,10,0,0,0,0,0,0
1453,1765227933539,1,10,0,0,0,0,0,0
1454,1765227933811,1,10,0,0,0,0,0,0
1455,1765227934229,1,10,0,0,0,0,0,0
1456,1765227934496,1,10,0,0,0,0,0,0
1457,1765227934612,1,10,0,0,0,0,0,0
1458,1765227934947,1,10,0,0,0,0,0,0
1459,1765227935355,1,10,0,0,0,0,0,0
1460,1765227935671,1,10,0,0,0,0,0,0
1461,1765227936062,1,10,0,0,0,0,0,0
1462,1765227936387,1,10,0,0,0,0,0,0
1463,1765227936480,1,10,0,0,0,0,0,0
1464,1765227936804,1,10,0,0,0,0,0,0
1465,1765227937212,1,10,0,0,0,0,0,0
1466,1765227937538,1,10,0,0,0,0,0,0
1467,1765227937921,1,10,0,0,0,0,0,0
1468,1765227938271,1,10,0,0,0,0,0,0
1469,1765227938378,1,10,0,0,0,0,0,0
1470,1765227938663,1,10,0,0,0,0,0,0
1471,1765227939086,1,10,0,0,0,0,0,0
1472,1765227939387,1,10,0,0,0,0,0,0
1473,1765227939786,1,10,0,0,0,0,0,0
1474,1765227940136,1,10,0,0,0,0,0,0
1475,1765227940272,1,10,0,0,0,0,0,0
1476,1765227940553,1,10,0,0,0,0,0,0
1477,1765227941003,1,10,0,0,0,0,0,0
1478,1765227941645,1,10,0,0,0,0,0,0
1479,1765227941762,1,10,0,0,0,0,0,0
1480,1765227942168,1,10,0,0,0,0,0,0
1481,1765227942457,1,10,0,0,0,0,0,0
1482,1765227942926,1,10,0,0,0,0,0,0
1483,1765227943205,1,10,0,0,0,0,0,0
1484,1765227943331,1,10,0,0,0,0,0,0
1485,1765227943676,1,10,0,0,0,0,0,0
1486,1765227944107,1,10,0,0,0,0,0,0
1487,1765227944598,1,10,0,0,0,0,0,0
1488,1765227944890,1,10,0,0,0,0,0,0
1489,1765227945374,1,10,0,0,0,0,0,0
1490,1765227945799,1,10,0,0,0,0,0,0
1491,1765227946082,1,10,0,0,0,0,0,0
1492,1765227946573,1,10,0,0,0,0,0,0
1493,1765227947010,1,10,0,0,0,0,0,0
1494,1765227947348,1,10,0,0,0,0,0,0
1495,1765227947490,1,10,0,0,0,0,0,0
1496,1765227947783,1,10,0,0,0,0,0,0
1497,1765227948273,1,10,0,0,0,0,0,0
1498,1765227948558,1,10,0,0,0,0,0,0
1499,1765227948699,1,10,0,0,0,0,0,0
1500,1765227948990,1,10,0,0,0,0,0,0
1501,1765227949432,1,10,0,0,0,0,0,0
1502,1765227949716,1,10,0,0,0,0,0,0
1503,1765227950166,1,10,0,0,0,0,0,0
1504,1765227950599,1,10,0,0,0,0,0,0
1505,1765227950882,1,10,0,0,0,0,0,0
1506,1765227951289,1,10,0,0,0,0,0,0
1507,1765227951614,1,10,0,0,0,0,0,0
1508,1765227952569,1,10,0,0,0,0,0,0
1509,1765227952615,1,10,0,0,0,0,0,0
1510,1765227952684,1,10,0,0,0,0,0,0
1511,1765227952967,1,10,0,0,0,0,0,0
1512,1765227953344,1,10,0,0,0,0,0,0
1513,1765227953628,1,10,0,0,0,0,0,0
1514,1765227953761,1,10,0,0,0,0,0,0
1515,1765227954086,1,10,0,0,0,0,0,0
1516,1765227954443,1,10,0,0,0,0,0,0
1517,1765227954717,1,10,0,0,0,0,0,0
1518,1765227955127,1,10,0,0,0,0,0,0
1519,1765227955461,1,10,0,0,0,0,0,0
1520,1765227955802,1,10,0,0,0,0,0,0
1521,1765227956086,1,10,0,0,0,0,0,0
1522,1765227956544,1,10,0,0,0,0,0,0
1523,1765227956826,1,10,0,0,0,0,0,0
1524,1765227957201,1,10,0,0,0,0,0,0
1525,1765227957517,1,10,0,0,0,0,0,0
1526,1765227957628,1,10,514,0,0,0,0,0
1527,1765227957934,1,10,0,0,0,0,0,0
1528,1765227958202,1,10,0,0,0,0,0,0
1529,1765227958284,1,10,0,0,0,0,0,0
1530,1765227958553,1,10,0,0,0,0,0,0
1531,1765227959026,1,10,0,0,0,0,0,0
1532,1765227959293,1,10,0,0,0,0,0,0
1533,1765227959660,1,10,0,0,0,0,0,0
1534,1765227960011,1,10,0,0,0,0,0,0
1535,1765227960409,1,10,0,0,0,0,0,0
1536,1765227960726,1,10,0,0,0,0,0,0
1537,1765227961070,1,10,0,0,0,0,0,0
1538,1765227961801,1,10,0,0,0,0,0,0
1539,1765227962159,1,10,0,0,0,0,0,0
1540,1765227962493,1,10,0,0,0,0,0,0
1541,1765227962892,1,10,0,0,0,0,0,0
1542,1765227963778,1,10,0,0,0,0,0,0
1543,1765227963850,1,10,0,0,0,0,0,0
1544,1765227963903,1,10,0,0,0,0,0,0
1545,1765227963995,1,10,0,0,0,0,0,0
1546,1765227964279,1,10,0,0,0,0,0,0
1547,1765227964605,1,10,0,0,0,0,0,0
1548,1765227964639,1,10,0,0,0,0,0,0
1549,1765227964980,1,10,0,0,0,0,0,0
1550,1765227965380,1,10,0,0,0,0,0,0
1551,1765227965698,1,10,0,0,0,0,0,0
1552,1765227966072,1,10,0,0,0,0,0,0
1553,1765227966355,1,10,0,0,0,0,0,0
1554,1765227967080,1,10,0,0,0,0,0,0
1555,1765227967446,1,10,0,0,0,0,0,0
1556,1765227967731,1,10,0,0,0,0,0,0
1557,1765227967848,1,10,0,0,0,0,0,0
1558,1765227968172,1,10,0,0,0,0,0,0
1559,1765227968534,1,10,0,0,0,0,0,0
1560,1765227968816,1,10,0,0,0,0,0,0
1561,1765227969276,1,10,0,0,0,0,0,0
1562,1765227969546,1,10,0,0,0,0,0,0
1563,1765227969914,1,10,0,0,0,0,0,0
1564,1765227970205,1,10,0,0,0,0,0,0
1565,1765227970627,1,10,0,0,0,0,0,0
1566,1765227970905,1,10,0,0,0,0,0,0
1567,1765227971287,1,10,0,0,0,0,0,0
1568,1765227971587,1,10,0,0,0,0,0,0
1569,1765227971713,1,10,0,0,0,0,0,0
1570,1765227972004,1,10,0,0,0,0,0,0
1571,1765227972380,1,10,0,0,0,0,0,0
1572,1765227972687,1,10,0,0,0,0,0,0
1573,1765227973095,1,10,0,0,0,0,0,0
1574,1765227973387,1,10,0,0,0,0,0,0
1575,1765227973766,1,10,0,0,0,0,0,0
1576,1765227974070,1,10,0,0,0,0,0,0
1577,1765227974709,1,10,0,0,0,0,0,0
1578,1765227974748,1,10,0,0,0,0,0,0
1579,1765227974785,1,10,0,0,0,0,0,0
1580,1765227974880,1,10,0,0,0,0,0,0
1581,1765227975198,1,10,0,0,0,0,0,0
1582,1765227975623,1,10,0,0,0,0,0,0
1583,1765227975906,1,10,0,0,0,0,0,0
1584,1765227976299,1,10,0,0,0,0,0,0
1585,1765227976608,1,10,0,0,0,0,0,0
1586,1765227976757,1,10,0,0,0,0,0,0
1587,1765227977041,1,10,0,0,0,0,0,0
1588,1765227977464,1,10,0,0,0,0,0,0
1589,1765227977785,1,10,0,0,0,0,0,0
1590,1765227978206,1,10,0,0,0,0,0,0
1591,1765227978506,1,10,0,0,0,0,0,0
1592,1765227978632,1,10,0,0,0,0,0,0
1593,1765227978950,1,10,0,0,0,0,0,0
1594,1765227979389,1,10,0,0,0,0,0,0
1595,1765227979690,1,10,0,0,0,0,0,0
1596,1765227980091,1,10,0,0,0,0,0,0
1597,1765227980581,1,10,0,0,0,0,0,0
1598,1765227980873,1,10,0,0,0,0,0,0
1599,1765227981272,1,10,0,0,0,0,0,0
1600,1765227981605,1,10,0,0,0,0,0,0
1601,1765227981764,1,10,0,0,0,0,0,0
1602,1765227982055,1,10,0,0,0,0,0,0
1603,1765227982472,1,10,0,0,0,0,0,0
1604,1765227982763,1,10,0,0,0,0,0,0
1605,1765227982915,1,10,0,0,0,0,0,0
1606,1765227983222,1,10,0,0,0,0,0,0
1607,1765227983608,1,10,0,0,0,0,0,0
1608,1765227983906,1,10,0,0,0,0,0,0
1609,1765227984398,1,10,0,0,0,0,0,0
1610,1765227984681,1,10,0,0,0,0,0,0
1611,1765227984814,1,10,0,0,0,0,0,0
1612,1765227985651,1,10,0,0,0,0,0,0
1613,1765227985726,1,10,0,0,0,0,0,0
1614,1765227985835,1,10,0,0,0,0,0,0
1615,1765227986195,1,10,0,0,0,0,0,0
1616,1765227986481,1,10,0,0,0,0,0,0
1617,1765227986931,1,10,0,0,0,0,0,0
1618,1765227987205,1,10,0,0,0,0,0,0
1619,1765227987288,1,10,0,0,0,0,0,0
1620,1765227987573,1,10,0,0,0,0,0,0
1621,1765227987889,1,10,0,0,0,0,0,0
1622,1765227988007,1,10,0,0,0,0,0,0
1623,1765227988288,1,10,0,0,0,0,0,0
1624,1765227988964,1,10,0,0,0,0,0,0
1625,1765227989389,1,10,0,0,0,0,0,0
1626,1765227989664,1,10,0,0,0,0,0,0
1627,1765227990038,1,10,0,0,0,0,0,0
1628,1765227990779,1,10,0,0,0,0,0,0
1629,1765227991062,1,10,0,0,0,0,0,0
1630,1765227991153,1,10,0,0,0,0,0,0
1631,1765227991421,1,10,0,0,0,0,0,0
1632,1765227991871,1,10,0,0,0,0,0,0
1633,1765227992154,1,10,0,0,0,0,0,0
1634,1765227992838,1,10,10,39168,0,0,0,0
1635,1765227993253,1,10,0,0,0,0,0,0
1636,1765227993523,1,10,0,0,0,0,0,0
1637,1765227993931,1,10,0,0,0,0,0,0
1638,1765227994222,1,10,0,0,0,0,0,0
1639,1765227994330,1,10,0,0,0,0,0,0
1640,1765227994620,1,10,0,0,0,0,0,0
1641,1765227994887,1,10,0,0,0,0,0,0
1642,1765227994989,1,10,0,0,0,0,0,0
1643,1765227995329,1,10,0,0,0,0,0,0
1644,1765227995730,1,10,0,0,0,0,0,0
1645,1765227996004,1,10,0,0,0,0,0,0
1646,1765227996420,1,10,0,0,0,0,0,0
1647,1765227996705,1,10,0,0,0,0,0,0
1648,1765227997449,1,10,0,0,0,0,0,0
1649,1765227997794,1,10,0,0,0,0,0,0
1650,1765227998095,1,10,0,0,0,0,0,0
1651,1765227998212,1,10,0,0,0,0,0,0
1652,1765227998496,1,10,0,0,0,0,0,0
1653,1765227998771,1,10,0,0,0,0,0,0
1654,1765227998905,1,10,0,0,0,0,0,0
1655,1765227999188,1,10,0,0,0,0,0,0
1656,1765227999604,1,10,0,0,0,0,0,0
1657,1765227999878,1,10,0,0,0,0,0,0
1658,1765228000286,1,10,0,0,0,0,0,0
1659,1765228000612,1,10,0,0,0,0,0,0
1660,1765228000954,1,10,0,0,0,0,0,0
1661,1765228001254,1,10,0,0,0,0,0,0
1662,1765228001369,1,10,0,0,0,0,0,0
1663,1765228001653,1,10,0,0,0,0,0,0
1664,1765228001987,1,10,0,0,0,0,0,0
1665,1765228002052,1,10,0,0,0,0,0,0
1666,1765228002344,1,10,0,0,0,0,0,0
1667,1765228002620,1,10,0,0,0,0,0,0
1668,1765228002736,1,10,0,0,0,0,0,0
1669,1765228003078,1,10,0,0,0,0,0,0
1670,1765228003445,1,10,0,0,0,0,0,0
1671,1765228004127,1,10,0,0,0,0,0,0
1672,1765228004477,1,10,0,0,0,0,0,0
1673,1765228004829,1,10,0,0,0,0,0,0
1674,1765228005111,1,10,0,0,0,0,0,0
1675,1765228005228,1,10,0,0,0,0,0,0
1676,1765228005578,1,10,0,0,0,0,0,0
1677,1765228005936,1,10,0,0,0,0,0,0
1678,1765228006219,1,10,0,0,0,0,0,0
1679,1765228006661,1,10,0,0,0,0,0,0
1680,1765228006963,1,10,0,0,0,0,0,0
1681,1765228007328,1,10,0,0,0,0,0,0
1682,1765228007611,1,10,0,0,0,0,0,0
1683,1765228008415,1,10,0,0,0,0,0,0
1684,1765228008487,1,10,0,0,0,0,0,0
1685,1765228008738,1,10,0,0,0,0,0,0
1686,1765228009199,1,10,0,0,0,0,0,0
1687,1765228009492,1,10,0,0,0,0,0,0
1688,1765228009867,1,10,0,0,0,0,0,0
1689,1765228010158,1,10,0,0,0,0,0,0
1690,1765228010282,1,10,0,0,0,0,0,0
1691,1765228010608,1,10,0,0,0,0,0,0
1692,1765228011000,1,10,0,0,0,0,0,0
1693,1765228011284,1,10,0,0,0,0,0,0
1694,1765228011766,1,10,0,0,0,0,0,0
1695,1765228012066,1,10,0,0,0,0,0,0
1696,1765228012166,1,10,0,0,0,0,0,0
1697,1765228012449,1,10,0,0,0,0,0,0
1698,1765228012916,1,10,0,0,0,0,0,0
1699,1765228013225,1,10,0,0,0,0,0,0
1700,1765228013604,1,10,0,0,0,0,0,0
1701,1765228013907,1,10,0,0,0,0,0,0
1702,1765228014041,1,10,0,0,0,0,0,0
1703,1765228014399,1,10,0,0,0,0,0,0
1704,1765228014775,1,10,0,0,0,0,0,0
1705,1765228015065,1,10,0,0,0,0,0,0
1706,1765228015556,1,10,0,0,0,0,0,0
1707,1765228015965,1,10,0,0,0,0,0,0
1708,1765228016257,1,10,0,0,0,0,0,0
1709,1765228016683,1,10,0,0,0,0,0,0
1710,1765228017032,1,10,0,0,0,0,0,0
1711,1765228017132,1,10,0,0,0,0,0,0
1712,1765228017432,1,10,0,0,0,0,0,0
1713,1765228017890,1,10,0,0,0,0,0,0
1714,1765228018224,1,10,0,0,0,0,0,0
1715,1765228018349,1,10,0,0,0,0,0,0
1716,1765228018642,1,10,0,0,0,0,0,0
1717,1765228019451,1,10,0,0,0,0,0,0
1718,1765228019509,1,10,0,0,0,0,0,0
1719,1765228019804,1,10,0,0,0,0,0,0
1720,1765228020078,1,10,0,0,0,0,0,0
1721,1765228020198,1,10,0,0,0,0,0,0
1722,1765228020480,1,10,0,0,0,0,0,0
1723,1765228020896,1,10,0,0,0,0,0,0
1724,1765228021164,1,10,0,0,0,0,0,0
1725,1765228021581,1,10,0,0,0,0,0,0
1726,1765228021930,1,10,0,0,0,0,0,0
1727,1765228022272,1,10,0,0,0,0,0,0
1728,1765228022556,1,10,0,0,0,0,0,0
1729,1765228022956,1,10,0,0,0,0,0,0
1730,1765228023288,1,10,0,0,0,0,0,0
1731,1765228023648,1,10,0,0,0,0,0,0
1732,1765228023922,1,10,0,0,0,0,0,0
1733,1765228024046,1,10,0,0,0,0,0,0
1734,1765228024380,1,10,0,0,0,0,0,0
1735,1765228024729,1,10,0,0,0,0,0,0
1736,1765228025014,1,10,0,0,0,0,0,0
1737,1765228025439,1,10,0,0,0,0,0,0
1738,1765228025792,1,10,0,0,0,0,0,0
1739,1765228026139,1,10,0,0,0,0,0,0
1740,1765228026397,1,10,0,0,0,0,0,0
1741,1765228026872,1,10,0,0,0,0,0,0
1742,1765228027145,1,10,0,0,0,0,0,0
1743,1765228027238,1,10,0,0,0,0,0,0
1744,1765228027512,1,10,0,0,0,0,0,0
1745,1765228027963,1,10,0,0,0,0,0,0
1746,1765228028247,1,10,0,0,0,0,0,0
1747,1765228028597,1,10,0,0,0,0,0,0
1748,1765228028872,1,10,0,0,0,0,0,0
1749,1765228029337,1,10,0,0,0,0,0,0
1750,1765228029620,1,10,0,0,0,0,0,0
1751,1765228030267,1,10,0,0,0,0,0,0
1752,1765228030339,1,10,0,0,0,0,0,0
1753,1765228030440,1,10,0,0,0,0,0,0
1754,1765228030734,1,10,0,0,0,0,0,0
1755,1765228031059,1,10,0,0,0,0,0,0
1756,1765228031101,1,10,0,0,0,0,0,0
1757,1765228031417,1,10,0,0,0,0,0,0
1758,1765228031842,1,10,0,0,0,0,0,0
1759,1765228032125,1,10,0,0,0,0,0,0
1760,1765228032478,1,10,0,0,0,0,0,0
1761,1765228032801,1,10,0,0,0,0,0,0
1762,1765228033209,1,10,0,0,0,0,0,0
1763,1765228033529,1,10,0,0,0,0,0,0
1764,1765228033901,1,10,0,0,0,0,0,0
1765,1765228034189,1,10,0,0,0,0,0,0
1766,1765228034309,1,10,0,0,0,0,0,0
1767,1765228034584,1,10,0,0,0,0,0,0
1768,1765228034884,1,10,0,0,0,0,0,0
1769,1765228034927,1,10,0,0,0,0,0,0
1770,1765228035276,1,10,0,0,0,0,0,0
1771,1765228035667,1,10,0,0,0,0,0,0
1772,1765228035984,1,10,0,0,0,0,0,0
1773,1765228036367,1,10,0,0,0,0,0,0
1774,1765228036651,1,10,0,0,0,0,0,0
1775,1765228037076,1,10,0,0,0,0,0,0
1776,1765228037375,1,10,0,0,0,0,0,0
1777,1765228037747,1,10,0,0,0,0,0,0
1778,1765228038030,1,10,0,0,0,0,0,0
1779,1765228038135,1,10,0,0,0,0,0,0
1780,1765228038466,1,10,0,0,0,0,0,0
1781,1765228038841,1,10,0,0,0,0,0,0
1782,1765228039126,1,10,0,0,0,0,0,0
1783,1765228039575,1,10,0,0,0,0,0,0
1784,1765228039858,1,10,0,0,0,0,0,0
1785,1765228040234,1,10,0,0,0,0,0,0
1786,1765228040508,1,10,0,0,0,0,0,0
1787,1765228041158,1,10,0,0,0,0,0,0
1788,1765228041210,1,10,0,0,0,0,0,0
1789,1765228041339,1,10,0,0,0,0,0,0
1790,1765228041631,1,10,0,0,0,0,0,0
1791,1765228042059,1,10,0,0,0,0,0,0
1792,1765228042341,1,10,0,0,0,0,0,0
1793,1765228042725,1,10,0,0,0,0,0,0
1794,1765228043050,1,10,0,0,0,0,0,0
1795,1765228043182,1,10,0,0,0,0,0,0
1796,1765228043491,1,10,0,0,0,0,0,0
1797,1765228043874,1,10,0,0,0,0,0,0
1798,1765228044159,1,10,0,0,0,0,0,0
1799,1765228044615,1,10,0,0,0,0,0,0
1800,1765228044891,1,10,0,0,0,0,0,0
1801,1765228045283,1,10,0,0,0,0,0,0
1802,1765228045616,1,10,0,0,0,0,0,0
1803,1765228045759,1,10,0,0,0,0,0,0
1804,1765228046040,1,10,0,0,0,0,0,0
1805,1765228046440,1,10,0,0,0,0,0,0
1806,1765228046740,1,10,0,0,0,0,0,0
1807,1765228047198,1,10,0,0,0,0,0,0
1808,1765228047481,1,10,0,0,0,0,0,0
1809,1765228047583,1,10,0,0,0,0,0,0
1810,1765228047873,1,10,0,0,0,0,0,0
1811,1765228048356,1,10,0,0,0,0,0,0
1812,1765228048641,1,10,0,0,0,0,0,0
1813,1765228049052,1,10,0,0,0,0,0,0
1814,1765228049362,1,10,0,0,0,0,0,0
1815,1765228049473,1,10,0,0,0,0,0,0
1816,1765228049780,1,10,0,0,0,0,0,0
1817,1765228050208,1,10,0,0,0,0,0,0
1818,1765228050487,1,10,0,0,0,0,0,0
1819,1765228050940,1,10,0,0,0,0,0,0
1820,1765228051235,1,10,0,0,0,0,0,0
1821,1765228051362,1,10,0,0,0,0,0,0
1822,1765228052154,1,10,0,0,0,0,0,0
1823,1765228052262,1,10,0,0,0,0,0,0
1824,1765228052390,1,10,0,0,0,0,0,0
1825,1765228052806,1,10,0,0,0,0,0,0
1826,1765228053090,1,10,0,0,0,0,0,0
1827,1765228053247,1,10,0,0,0,0,0,0
1828,1765228053558,1,10,0,0,0,0,0,0
1829,1765228053956,1,10,0,0,0,0,0,0
1830,1765228054240,1,10,0,0,0,0,0,0
1831,1765228054689,1,10,0,0,0,0,0,0
1832,1765228054975,1,10,0,0,0,0,0,0
1833,1765228055048,1,10,0,0,0,0,0,0
1834,1765228055322,1,10,0,0,0,0,0,0
1835,1765228055648,1,10,0,0,0,0,0,0
1836,1765228055742,1,10,0,0,0,0,0,0
1837,1765228056031,1,10,0,0,0,0,0,0
1838,1765228056415,1,10,0,0,0,0,0,0
1839,1765228056697,1,10,0,0,0,0,0,0
1840,1765228057122,1,10,0,0,0,0,0,0
1841,1765228057406,1,10,0,0,0,0,0,0
1842,1765228057773,1,10,0,0,0,0,0,0
1843,1765228058089,1,10,0,0,0,0,0,0
1844,1765228058473,1,10,0,0,0,0,0,0
1845,1765228058752,1,10,0,0,0,0,0,0
1846,1765228059122,1,10,0,0,0,0,0,0
1847,1765228059431,1,10,0,0,0,0,0,0
1848,1765228059565,1,10,0,0,0,0,0,0
1849,1765228059847,1,10,0,0,0,0,0,0
1850,1765228060131,1,10,0,0,0,0,0,0
1851,1765228060539,1,10,0,0,0,0,0,0
1852,1765228060932,1,10,0,0,0,0,0,0
1853,1765228061222,1,10,0,0,0,0,0,0
1854,1765228061596,1,10,0,0,0,0,0,0
1855,1765228061889,1,10,0,0,0,0,0,0
1856,1765228062305,1,10,0,0,0,0,0,0
1857,1765228063079,1,10,0,0,0,0,0,0
1858,1765228063133,1,10,0,0,0,0,0,0
1859,1765228063287,1,10,0,0,0,0,0,0
1860,1765228063673,1,10,0,0,0,0,0,0
1861,1765228063970,1,10,0,0,0,0,0,0
1862,1765228064079,1,10,0,0,0,0,0,0
1863,1765228064363,1,10,0,0,0,0,0,0
1864,1765228064771,1,10,0,0,0,0,0,0
1865,1765228065054,1,10,0,0,0,0,0,0
1866,1765228065463,1,10,0,0,0,0,0,0
1867,1765228065738,1,10,0,0,0,0,0,0
1868,1765228066137,1,10,0,0,0,0,0,0
1869,1765228066422,1,10,0,0,0,0,0,0
1870,1765228066804,1,10,0,0,0,0,0,0
1871,1765228067139,1,10,0,0,0,0,0,0
1872,1765228067486,1,10,0,0,0,0,0,0
1873,1765228067786,1,10,0,0,0,0,0,0
1874,1765228068204,1,10,0,0,0,0,0,0
1875,1765228068530,1,10,0,0,0,0,0,0
1876,1765228068579,1,10,0,0,0,0,0,0
1877,1765228068864,1,10,0,0,0,0,0,0
1878,1765228069143,1,10,0,0,0,0,0,0
1879,1765228069279,1,10,0,0,0,0,0,0
1880,1765228069603,1,10,0,0,0,0,0,0
1881,1765228069971,1,10,0,0,0,0,0,0
1882,1765228070247,1,10,0,0,0,0,0,0
1883,1765228070703,1,10,0,0,0,0,0,0
1884,1765228070974,1,10,0,0,0,0,0,0
1885,1765228071335,1,10,0,0,0,0,0,0
1886,1765228071619,1,10,0,0,0,0,0,0
1887,1765228072070,1,10,0,0,0,0,0,0
1888,1765228072344,1,10,0,0,0,0,0,0
1889,1765228072688,1,10,0,0,0,0,0,0
1890,1765228073028,1,10,0,0,0,0,0,0
1891,1765228073136,1,10,0,0,0,0,0,0
1892,1765228074040,1,10,0,0,0,0,0,0
1893,1765228074110,1,10,0,0,0,0,0,0
1894,1765228074119,1,10,0,0,0,0,0,0
1895,1765228074188,1,10,0,0,0,0,0,0
1896,1765228074506,1,10,0,0,0,0,0,0
1897,1765228074780,1,10,0,0,0,0,0,0
1898,1765228075130,1,10,0,0,0,0,0,0
1899,1765228075464,1,10,0,0,0,0,0,0
1900,1765228076942,1,10,0,0,0,0,0,0
1901,1765228077240,1,10,0,0,0,0,0,0
1902,1765228077524,1,10,0,0,0,0,0,0
1903,1765228077597,1,10,0,0,0,0,0,0
1904,1765228077881,1,10,0,0,0,0,0,0
1905,1765228078281,1,10,0,0,0,0,0,0
1906,1765228078614,1,10,0,0,0,0,0,0
1907,1765228079055,1,10,0,0,0,0,0,0
1908,1765228079546,1,10,0,0,0,0,0,0
1909,1765228079843,1,10,0,0,0,0,0,0
1910,1765228079981,1,10,0,0,0,0,0,0
1911,1765228080314,1,10,0,0,0,0,0,0
1912,1765228080763,1,10,0,0,0,0,0,0
1913,1765228081055,1,10,0,0,0,0,0,0
1914,1765228081207,1,10,0,0,0,0,0,0
1915,1765228081549,1,10,0,0,0,0,0,0
1916,1765228081947,1,10,0,0,0,0,0,0
1917,1765228082288,1,10,0,0,0,0,0,0
1918,1765228082423,1,10,0,0,0,0,0,0
1919,1765228082711,1,10,0,0,0,0,0,0
1920,1765228083164,1,10,0,0,0,0,0,0
1921,1765228083463,1,10,0,0,0,0,0,0
1922,1765228083871,1,10,0,0,0,0,0,0
1923,1765228084180,1,10,0,0,0,0,0,0
1924,1765228084314,1,10,0,0,0,0,0,0
1925,1765228084605,1,10,0,0,0,0,0,0
1926,1765228085063,1,10,0,0,0,0,0,0
1927,1765228085346,1,10,0,0,0,0,0,0
1928,1765228086100,1,10,0,0,0,0,0,0
1929,1765228086162,1,10,0,0,0,0,0,0
1930,1765228086187,1,10,0,0,0,0,0,0
1931,1765228086516,1,10,0,0,0,0,0,0
1932,1765228086925,1,10,0,0,0,0,0,0
1933,1765228087215,1,10,0,0,0,0,0,0
1934,1765228087641,1,10,0,0,0,0,0,0
1935,1765228087918,1,10,0,0,0,0,0,0
1936,1765228088057,1,10,0,0,0,0,0,0
1937,1765228088383,1,10,0,0,0,0,0,0
1938,1765228088790,1,10,0,0,0,0,0,0
1939,1765228089102,1,10,0,0,0,0,0,0
1940,1765228089224,1,10,0,0,0,0,0,0
1941,1765228089508,1,10,0,0,0,0,0,0
1942,1765228089823,1,10,0,0,0,0,0,0
1943,1765228089899,1,10,0,0,0,0,0,0
1944,1765228090240,1,10,0,0,0,0,0,0
1945,1765228090633,1,10,0,0,0,0,0,0
1946,1765228090958,1,10,0,0,0,0,0,0
1947,1765228091357,1,10,0,0,0,0,0,0
1948,1765228091703,1,10,0,0,0,0,0,0
1949,1765228091823,1,10,0,0,0,0,0,0
1950,1765228092107,1,10,0,0,0,0,0,0
1951,1765228092524,1,10,0,0,0,0,0,0
1952,1765228092833,1,10,0,0,0,0,0,0
1953,1765228092966,1,10,0,0,0,0,0,0
1954,1765228093232,1,10,0,0,0,0,0,0
1955,1765228093719,1,10,0,0,0,0,0,0
1956,1765228093980,1,10,0,0,0,0,0,0
1957,1765228094432,1,10,0,0,0,0,0,0
1958,1765228094697,1,10,0,0,0,0,0,0
1959,1765228095147,1,10,0,0,0,0,0,0
1960,1765228095555,1,10,0,0,0,0,0,0
1961,1765228095840,1,10,0,0,0,0,0,0
1962,1765228096272,1,10,0,0,0,0,0,0
1963,1765228097033,1,10,0,0,0,0,0,0
1964,1765228097130,1,10,0,0,0,0,0,0
1965,1765228097282,1,10,0,0,0,0,0,0
1966,1765228097417,1,10,0,0,0,0,0,0
1967,1765228097736,1,10,0,0,0,0,0,0
1968,1765228098136,1,10,0,0,0,0,0,0
1969,1765228098843,1,10,0,0,0,0,0,0
1970,1765228099143,1,10,0,0,0,0,0,0
1971,1765228099260,1,10,0,0,0,0,0,0
1972,1765228099568,1,10,0,0,0,0,0,0
1973,1765228099968,1,10,0,0,0,0,0,0
1974,1765228100300,1,10,0,0,0,0,0,0
1975,1765228100704,1,10,0,0,0,0,0,0
1976,1765228101010,1,10,0,0,0,0,0,0
1977,1765228101126,1,10,0,0,0,0,0,0
1978,1765228101410,1,10,0,0,0,0,0,0
1979,1765228101843,1,10,0,0,0,0,0,0
1980,1765228102134,1,10,0,0,0,0,0,0
1981,1765228102551,1,10,0,0,0,0,0,0
1982,1765228102842,1,10,0,0,0,0,0,0
1983,1765228103251,1,10,5,0,0,0,0,0
1984,1765228103725,1,10,10,0,0,0,0,0
1985,1765228103984,1,10,11,0,0,0,0,0
1986,1765228104442,1,10,19,0,0,0,0,0
1987,1765228104717,1,10,20,0,0,0,0,0
1988,1765228105159,1,10,31,0,0,0,0,0
1989,1765228105568,1,10,42,0,0,0,0,0
1990,1765228105858,1,10,45,0,0,0,0,0
1991,1765228106300,1,10,61,0,0,0,0,0
1992,1765228106578,1,10,63,0,0,0,0,0
1993,1765228107032,1,10,79,0,0,0,0,0
1994,1765228107300,1,10,82,0,0,0,0,0
1995,1765228108000,1,10,100,0,0,0,0,0
1996,1765228108065,1,10,103,0,0,0,0,0
1997,1765228108145,1,10,121,0,0,0,0,0
1998,1765228108431,1,10,125,0,0,0,0,0
1999,1765228108883,1,2058,32916,2568,0,0,0,0
2000,1765228109166,1,10,151,0,0,0,0,0
2001,1765228109266,1,10,167,0,0,0,0,0
2002,1765228109582,1,10,174,0,0,0,0,0
2003,1765228110008,1,10,193,0,0,0,0,0
2004,1765228110332,1,10,197,0,0,0,0,0
2005,1765228110476,1,10,215,0,0,0,0,0
2006,1765228110757,1,10,219,0,0,0,0,0
2007,1765228111175,1,10,237,0,0,0,0,0
2008,1765228111482,1,10,241,0,0,0,0,0
2009,1765228111882,1,10,263,0,0,0,0,0
2010,1765228112232,1,10,267,0,0,0,0,0
2011,1765228112357,1,10,282,0,0,0,0,0
2012,1765228112633,1,10,286,0,0,0,0,0
2013,1765228113091,1,10,309,0,0,0,0,0
2014,1765228113374,1,10,313,0,0,0,0,0
2015,1765228113858,1,10,334,0,0,0,0,0
2016,1765228114274,1,10,359,0,0,0,0,0
2017,1765228114557,1,10,363,0,0,0,0,0
2018,1765228114991,1,10,390,0,0,0,0,0
2019,1765228115282,1,10,395,0,0,0,0,0
2020,1765228115408,1,10,413,0,0,0,0,0
2021,1765228115735,1,10,417,0,0,0,0,0
2022,1765228116150,1,10,421,0,0,0,0,0
2023,1765228116466,1,10,422,0,0,0,0,0
2024,1765228116865,1,10,426,0,0,0,0,0
2025,1765228117192,1,10,426,0,0,0,0,0
2026,1765228117282,1,10,436,0,0,0,0,0
2027,1765228117866,1,10,448,0,0,0,0,0
2028,1765228117980,1,10,458,0,0,0,0,0
2029,1765228118281,1,10,462,0,0,0,0,0
2030,1765228119307,1,10,475,0,0,0,0,0
2031,1765228119372,1,10,476,0,0,0,0,0
2032,1765228119455,1,10,479,0,0,0,0,0
2033,1765228119707,1,10,479,0,0,0,0,0
2034,1765228120099,1,10,481,0,0,0,0,0
2035,1765228120831,1,10,490,0,0,0,0,0
2036,1765228121224,1,10,500,0,0,0,0,0
2037,1765228121541,1,10,502,0,0,0,0,0
2038,1765228121942,1,10,517,0,0,0,0,0
2039,1765228122275,1,10,520,0,0,0,0,0
2040,1765228122369,1,10,531,0,0,0,0,0
2041,1765228122654,1,10,534,0,0,0,0,0
2042,1765228123087,1,10,553,0,0,0,0,0
2043,1765228123378,1,10,556,0,0,0,0,0
2044,1765228123769,1,10,577,0,0,0,0,0
2045,1765228124101,1,10,581,0,0,0,0,0
2046,1765228124209,1,10,597,0,0,0,0,0
2047,1765228124494,1,10,601,0,0,0,0,0
2048,1765228124804,1,10,605,0,0,0,0,0
2049,1765228124921,1,10,627,0,0,0,0,0
2050,1765228125189,1,10,631,0,0,0,0,0
2051,1765228125631,1,10,654,0,0,0,0,0
2052,1765228125924,1,10,658,0,0,0,0,0
2053,1765228126349,1,10,686,0,0,0,0,0
2054,1765228126650,1,10,690,0,0,0,0,0
2055,1765228126742,1,10,699,0,0,0,0,0
2056,1765228127033,1,10,699,0,0,0,0,0
2057,1765228127491,1,10,699,0,0,0,0,0
2058,1765228127773,1,10,699,0,0,0,0,0
2059,1765228128203,1,10,699,0,0,0,0,0
2060,1765228128472,1,10,699,0,0,0,0,0
2061,1765228128940,1,10,699,0,0,0,0,0
2062,1765228129339,1,10,699,0,0,0,0,0
2063,1765228129606,1,10,699,0,0,0,0,0
2064,1765228130575,1,10,699,0,0,0,0,0
2065,1765228130622,1,10,699,0,0,0,0,0
2066,1765228130770,1,10,699,25152,0,0,0,0
2067,1765228131053,1,10,699,0,0,0,0,0
2068,1765228131186,1,10,699,0,0,0,0,0
2069,1765228131478,1,10,699,0,0,0,0,0
2070,1765228131869,1,10,699,0,0,0,0,0
2071,1765228132211,65,32842,34431,12,0,0,0,0
2072,1765228132603,1,10,699,0,0,0,0,0
2073,1765228132886,1,10,699,0,0,0,0,0
2074,1765228133011,1,10,699,0,0,0,0,0
2075,1765228133318,1,10,699,0,0,0,0,0
2076,1765228133587,1,10,699,0,0,0,0,0
2077,1765228133710,1,10,699,0,0,0,0,0
2078,1765228134061,1,10,699,0,0,0,0,0
2079,1765228134452,1,10,699,0,0,0,0,0
2080,1765228134759,1,10,699,0,0,0,0,0
2081,1765228135162,1,10,699,0,0,0,0,0
2082,1765228135478,1,10,699,0,0,0,0,0
2083,1765228135586,1,10,699,0,0,0,0,0
2084,1765228135910,1,10,699,0,0,0,0,0
2085,1765228136303,1,10,699,0,0,0,0,0
2086,1765228136628,1,10,699,0,0,0,0,0
2087,1765228136743,1,10,699,0,0,0,0,0
2088,1765228137019,1,10,699,0,0,0,0,0
2089,1765228137494,1,10,699,0,0,0,0,0
2090,1765228137761,1,10,699,0,0,0,0,0
2091,1765228138194,1,10,699,0,0,0,0,0
2092,1765228138460,1,10,699,0,0,0,0,0
2093,1765228139194,1,10,708,0,0,0,0,0
2094,1765228139327,1,10,727,0,0,0,0,0
2095,1765228139611,1,10,730,0,0,0,0,0
2096,1765228140034,1,10,744,0,0,0,0,0
2097,1765228140313,1,10,745,0,0,0,0,0
2098,1765228140776,1,10,749,0,0,0,0,0
2099,1765228141060,1,10,749,0,0,0,0,0
2100,1765228141771,1,10,749,0,0,0,0,0
2101,1765228141836,1,10,750,0,0,0,0,0
2102,1765228141919,1,10,754,0,0,0,0,0
2103,1765228142230,1,10,756,0,0,0,0,0
2104,1765228142661,1,10,765,0,0,0,0,0
2105,1765228143084,1,10,776,0,0,0,0,0
2106,1765228143411,1,10,779,0,0,0,0,0
2107,1765228143818,1,10,795,0,0,0,0,0
2108,1765228144170,1,10,797,0,0,0,0,0
2109,1765228144302,1,10,809,0,0,0,0,0
2110,1765228144585,1,10,812,0,0,0,0,0
2111,1765228145003,1,10,831,64,0,0,0,0
2112,1765228145327,1,10,835,0,0,0,0,0
2113,1765228145460,1,10,849,0,0,0,0,0
2114,1765228145754,1,10,853,0,0,0,0,0
2115,1765228146220,1,10,876,0,0,0,0,0
2116,1765228146502,1,10,880,0,0,0,0,0
2117,1765228146953,1,10,905,0,0,0,0,0
2118,1765228147226,1,10,910,0,0,0,0,0
2119,1765228147344,1,52234,61422,2242,0,0,0,0
2120,1765228147685,1,10,932,0,0,0,0,0
2121,1765228148094,1,10,961,0,0,0,0,0
2122,1765228148369,1,10,961,0,0,0,0,0
2123,1765228148529,1,10,961,0,0,0,0,0
2124,1765228148853,1,10,961,0,0,0,0,0
2125,1765228149269,1,10,963,0,0,0,0,0
2126,1765228149594,49357,202,963,0,0,0,0,0
2127,1765228149753,1,10,964,0,0,0,0,0
2128,1765228150035,1,10,964,0,0,0,0,0
2129,1765228150468,1,10,964,0,0,0,0,0
2130,1765228150756,1,10,964,0,0,0,0,0
2131,1765228151178,1,10,967,0,0,0,0,0
2132,1765228151486,40961,34816,35665,0,0,0,0,0
2133,1765228151868,1,10,1004,0,0,0,0,0
2134,1765228152177,1,10,1010,0,0,0,0,0
2135,1765228152286,1,10,1034,0,0,0,0,0
2136,1765228152560,1,10,1039,0,0,0,0,0
2137,1765228152995,1,10,1064,0,0,0,0,0
2138,1765228153738,1,10,1069,0,0,0,0,0
2139,1765228153822,1,10,1100,0,0,0,0,0
2140,1765228153991,1,10,1106,0,0,0,0,0
2141,1765228154383,1,10,1132,0,0,0,0,0
2142,1765228154706,1,10,1138,0,0,0,0,0
2143,1765228154806,1,10,1165,0,0,0,0,0
2144,1765228155090,1,10,1171,0,0,0,0,0
2145,1765228155507,1,10,1198,0,0,0,0,0
2146,1765228155782,1,10,1210,0,0,0,0,0
2147,1765228156207,1,10,1237,0,0,0,0,0
2148,1765228156499,1,10,1243,0,0,0,0,0
2149,1765228156931,1,10,1276,0,0,0,0,0
2150,1765228157199,1,10,1281,0,0,0,0,0
2151,1765228157607,1,10,1308,0,0,0,0,0
2152,1765228158048,1,10,1341,0,0,0,0,0
2153,1765228158314,1,10,1346,0,0,0,0,0
2154,1765228158732,1,10,1373,0,0,0,0,0
2155,1765228159014,1,10,1379,0,0,0,0,0
2156,1765228159473,1,10,1411,0,0,0,0,0
2157,1765228159748,1,10,1417,0,0,0,0,0
2158,1765228159872,1,10,1438,0,0,0,0,0
2159,1765228160166,1,10,1450,0,0,0,0,0
2160,1765228160573,1,10,1478,0,0,0,0,0
2161,1765228160848,1,10,1484,0,0,0,0,0
2162,1765228161289,1,10,1518,0,0,0,0,0
2163,1765228161565,1,10,1524,0,0,0,0,0
2164,1765228161988,1,10,1534,0,0,0,0,0
2165,1765228162272,1,10,1537,0,0,0,0,0
2166,1765228162408,1,10,1543,0,0,0,0,0
2167,1765228162740,1,10,1543,0,0,0,0,0
2168,1765228163155,1,10,1543,0,0,0,0,0
2169,1765228163857,1,10,1543,0,0,0,0,0
2170,1765228164139,1,10,1543,0,0,0,0,0
2171,1765228164892,1,10,1543,0,0,0,0,0
2172,1765228164961,1,10,1543,0,0,0,0,0
2173,1765228165036,1,10,1543,0,0,0,0,0
2174,1765228165296,1,10,1543,0,0,0,0,0
2175,1765228165704,1,10,1543,0,0,0,0,0
2176,1765228166020,1,10,1543,0,0,0,0,0
2177,1765228166161,1,10,1543,0,0,0,0,0
2178,1765228166438,1,10,1543,0,0,0,0,0
2179,1765228166837,1,10,1543,0,0,0,0,0
2180,1765228167154,1,10,1543,0,0,0,0,0
2181,1765228167537,1,10,1543,0,0,0,0,0
2182,1765228167878,1,10,1543,0,0,0,0,0
2183,1765228167996,1,10,1543,0,0,0,0,0
2184,1765228168295,1,10,1543,0,0,0,0,0
2185,1765228168721,1,10,1543,0,0,0,0,0
2186,1765228169006,1,10,1543,0,0,0,0,0
2187,1765228169444,1,10,1543,0,0,0,0,0
2188,1765228169746,1,10,1543,0,0,0,0,0
2189,1765228169853,1,10,1543,0,0,0,0,0
2190,1765228170129,1,10,1543,0,0,0,0,0
2191,1765228170445,1,10,1543,0,0,0,0,0
2192,1765228170569,1,10,1543,0,0,0,0,0
2193,1765228170837,1,10,1543,0,0,0,0,0
2194,1765228171278,1,10,1543,0,0,0,0,0
2195,1765228171567,1,10,1543,0,0,0,0,0
2196,1765228172012,1,10,1543,0,0,0,0,0
2197,1765228172295,1,10,1543,0,0,0,0,0
2198,1765228172420,1,10,1543,0,0,0,0,0
2199,1765228172736,1,10,1543,0,0,0,0,0
2200,1765228173153,1,10,1543,0,0,0,0,0
2201,1765228173444,1,10,1543,0,0,0,0,0
2202,1765228173887,1,10,1543,0,0,0,0,0
2203,1765228174159,1,10,1543,0,0,0,0,0
2204,1765228174285,1,10,1543,0,0,0,0,0
2205,1765228174626,1,10,1543,0,0,0,0,0
2206,1765228175030,1,10,1543,0,0,0,0,0
2207,1765228175849,1,10,1543,0,0,0,0,0
2208,1765228175939,1,10,1543,0,0,0,0,0
2209,1765228176182,1,10,1543,0,0,0,0,0
2210,1765228176507,1,10,1543,0,0,0,0,0
2211,1765228176933,1,10,1543,0,0,0,0,0
2212,1765228177240,1,10,1543,0,0,0,0,0
2213,1765228177382,1,10,1543,0,0,0,0,0
2214,1765228177666,1,10,1543,0,0,0,0,0
2215,1765228178157,1,10,1543,0,0,0,0,0
2216,1765228178443,1,10,1543,0,0,0,0,0
2217,1765228178610,1,10,1543,0,0,0,0,0
2218,1765228178899,1,10,1543,0,0,0,0,0
2219,1765228179350,1,10,1543,0,0,0,0,0
2220,1765228179634,1,10,1543,0,0,0,0,0
2221,1765228179779,1,10,1543,0,0,0,0,0
2222,1765228180125,1,10,1543,0,0,0,0,0
2223,1765228180564,1,10,1543,0,0,0,0,0
2224,1765228180890,1,10,1543,0,0,0,0,0
2225,1765228181044,1,10,1543,0,0,0,0,0
2226,1765228181342,1,10,1543,0,0,0,0,0
2227,1765228181799,1,10,1543,0,0,0,0,0
2228,1765228182081,1,10,1543,0,0,0,0,0
2229,1765228182223,1,10,1543,0,0,0,0,0
2230,1765228182505,1,10,1543,0,0,0,0,0
2231,1765228182991,1,10,1543,0,0,0,0,0
2232,1765228183273,1,10,1543,0,0,0,0,0
2233,1765228183418,1,10,1543,0,0,0,0,0
2234,1765228183769,1,10,1543,0,0,0,0,0
2235,1765228184203,1,10,1543,0,0,0,0,0
2236,1765228184520,1,10,1546,0,0,0,0,0
2237,1765228184627,1,10,1568,0,0,0,0,0
2238,1765228184911,1,10,1571,0,0,0,0,0
2239,1765228185294,1,10,1583,0,0,0,0,0
2240,1765228185636,1,10,1584,0,0,0,0,0
2241,1765228186043,1,10,1588,0,0,0,0,0
2242,1765228186794,1,10,1588,0,0,0,0,0
2243,1765228186822,1,10,1590,0,0,0,0,0
2244,1765228186879,1,10,1590,0,0,0,0,0
2245,1765228187079,1,10,1591,0,0,0,0,0
2246,1765228187208,1,10,1594,0,0,0,0,0
2247,1765228187472,1,10,1595,0,0,0,0,0
2248,1765228187864,1,10,1601,0,0,0,0,0
2249,1765228188174,1,10,1602,0,0,0,0,0
2250,1765228188566,1,10,1608,0,0,0,0,0
2251,1765228188916,1,10,1610,0,0,0,0,0
2252,1765228189032,1,10,1616,0,0,0,0,0
2253,1765228189314,1,10,1617,0,0,0,0,0
2254,1765228189755,1,10,1626,0,0,0,0,0
2255,1765228190031,1,10,1627,0,0,0,0,0
2256,1765228190464,1,10,1634,0,0,0,0,0
2257,1765228190739,1,10,1635,0,0,0,0,0
2258,1765228190873,1,10,1642,0,0,0,0,0
2259,1765228191157,1,10,1643,0,0,0,0,0
2260,1765228191448,1,10,1645,0,0,0,0,0
2261,1765228191580,1,10,1650,0,0,0,0,0
2262,1765228191863,1,10,1651,0,0,0,0,0
2263,1765228192314,1,10,1657,0,0,0,0,0
2264,1765228192588,1,10,1657,0,0,0,0,0
2265,1765228193022,1,10,1657,0,0,0,0,0
2266,1765228193305,1,10,1657,0,0,0,0,0
2267,1765228193431,1,10,1657,0,0,0,0,0
2268,1765228193766,1,10,1657,0,0,0,0,0
2269,1765228194173,1,10,1657,0,0,0,0,0
2270,1765228194464,1,10,1657,0,0,0,0,0
2271,1765228194896,1,10,1657,0,0,0,0,0
2272,1765228195180,1,10,1657,0,0,0,0,0
2273,1765228195305,1,10,1657,0,0,0,0,0
2274,1765228195638,1,10,1657,0,0,0,0,0
2275,1765228196039,1,10,1657,0,0,0,0,0
2276,1765228196346,1,10,1657,0,0,0,0,0
2277,1765228196488,1,10,1657,0,0,0,0,0
2278,1765228197669,1,10,1657,0,0,0,0,0
2279,1765228197684,1,10,1657,0,0,0,0,0
2280,1765228197727,1,10,1657,0,0,0,0,0
2281,1765228197910,1,10,1657,0,0,0,0,0
2282,1765228198227,1,10,1657,0,0,0,0,0
2283,1765228198361,1,10,1657,0,0,0,0,0
2284,1765228198646,1,10,1657,0,0,0,0,0
2285,1765228199110,1,10,1657,0,0,0,0,0
2286,1765228199386,1,10,1657,0,0,0,0,0
2287,1765228199810,1,10,1657,0,0,0,0,0
2288,1765228200092,1,10,1657,0,0,0,0,0
2289,1765228200211,1,10,1657,0,0,0,0,0
2290,1765228200510,1,10,1657,0,0,0,0,0
2291,1765228200944,1,10,1657,0,0,0,0,0
2292,1765228201242,1,10,1657,0,0,0,0,0
2293,1765228201654,1,10,1657,0,0,0,0,0
2294,1765228201938,1,10,1657,0,0,0,0,0
2295,1765228202385,1,10,1657,0,0,0,0,0
2296,1765228202676,1,10,1657,0,0,0,0,0
2297,1765228202794,1,10,1657,0,0,0,0,0
2298,1765228203101,1,10,1657,0,0,0,0,0
2299,1765228203511,1,10,1657,0,0,0,0,0
2300,1765228203804,1,10,1657,0,0,0,0,0
2301,1765228204257,1,10,1657,0,0,0,0,0
2302,1765228204536,1,10,1657,0,0,0,0,0
2303,1765228204653,1,10,1657,0,0,0,0,0
2304,1765228204965,1,10,1657,0,0,0,0,0
2305,1765228205384,1,10,1657,0,0,0,0,0
2306,1765228205725,1,10,1657,0,0,0,0,0
2307,1765228205845,1,10,1657,0,0,0,0,0
2308,1765228206119,1,10,1657,0,0,0,0,0
2309,1765228206536,1,10,1657,0,0,0,0,0
2310,1765228206835,1,10,1657,0,0,0,0,0
2311,1765228207241,1,10,1657,0,0,0,0,0
2312,1765228207583,1,10,1657,0,0,0,0,0
2313,1765228207976,1,10,1657,0,0,0,0,0
2314,1765228208706,1,10,1657,0,0,0,0,0
2315,1765228208765,1,10,1657,0,0,0,0,0
2316,1765228209181,1,10,1657,0,0,0,0,0
2317,1765228209458,1,10,1657,0,0,0,0,0
2318,1765228209583,1,10,1657,0,0,0,0,0
2319,1765228209863,1,10,1657,0,0,0,0,0
2320,1765228210282,1,10,1657,0,0,0,0,0
2321,1765228210574,1,10,1657,0,0,0,0,0
2322,1765228211048,1,10,1657,0,0,0,0,0
2323,1765228211332,1,10,1657,0,0,0,0,0
2324,1765228211474,1,10,1657,0,0,0,0,0
2325,1765228211804,1,10,1657,0,0,0,0,0
2326,1765228212240,1,10,1657,0,0,0,0,0
2327,1765228212565,1,10,1657,0,0,0,0,0
2328,1765228212691,1,10,1657,0,0,0,0,0
2329,1765228213006,1,10,1657,0,0,0,0,0
2330,1765228213449,1,10,1657,0,0,0,0,0
2331,1765228213766,1,10,1657,0,0,0,0,0
2332,1765228213907,1,10,1657,0,0,0,0,0
2333,1765228214198,1,10,1657,0,0,0,0,0
2334,1765228214681,1,10,1657,0,0,0,0,0
2335,1765228214966,1,10,1657,0,0,0,0,0
2336,1765228215115,1,10,1657,0,0,0,0,0
2337,1765228215447,1,10,1657,0,0,0,0,0
2338,1765228215866,1,10,1657,0,0,0,0,0
2339,1765228216164,1,10,1657,0,0,0,0,0
2340,1765228216290,1,10,1657,0,0,0,0,0
2341,1765228216630,1,10,1657,0,0,0,0,0
2342,1765228217065,1,10,1657,0,0,0,0,0
2343,1765228217398,1,10,1657,0,0,0,0,0
2344,1765228217547,1,10,1657,0,0,0,0,0
2345,1765228217831,1,10,1657,0,0,0,0,0
2346,1765228218340,1,10,1657,0,0,0,0,0
2347,1765228218780,1,10,1657,0,0,0,0,0
2348,1765228219587,1,10,1657,0,0,0,0,0
2349,1765228219674,1,10,1657,0,0,0,0,0
2350,1765228219787,1,10,1657,0,0,0,0,0
2351,1765228220229,1,10,1657,0,0,0,0,0
2352,1765228220630,1,10,1657,0,0,0,0,0
2353,1765228220961,1,10,1657,0,0,0,0,0
2354,1765228221354,1,10,1657,0,0,0,0,0
2355,1765228221702,1,10,1657,0,0,0,0,0
2356,1765228221782,1,10,1657,0,0,0,0,0
2357,1765228222093,1,10,1657,0,0,0,0,0
2358,1765228222476,1,10,1657,0,0,0,0,0
2359,1765228222794,1,10,1657,0,0,0,0,0
2360,1765228223194,1,10,1657,0,0,0,0,0
2361,1765228223547,1,10,1657,0,0,0,0,0
2362,1765228223659,1,10,1657,0,0,0,0,0
2363,1765228223929,1,10,1657,0,0,0,0,0
2364,1765228224378,1,10,1657,0,0,0,0,0
2365,1765228224654,1,10,1657,0,0,0,0,0
2366,1765228225069,1,10,1657,0,0,0,0,0
2367,1765228225386,1,10,1657,0,0,0,0,0
2368,1765228225803,1,10,1657,0,0,0,0,0
2369,1765228226096,1,10,1657,0,0,0,0,0
2370,1765228226229,1,10,1657,0,0,0,0,0
2371,1765228226512,1,10,1657,0,0,0,0,0
2372,1765228226970,1,10,1657,0,0,0,0,0
2373,1765228227253,1,10,1657,0,0,0,0,0
2374,1765228227695,1,10,1657,0,0,0,0,0
2375,1765228228094,1,10,1657,0,0,0,0,0
2376,1765228228370,1,10,1657,0,0,0,0,0
2377,1765228228828,1,10,1657,0,0,0,0,0
2378,1765228229098,1,10,1657,0,0,0,0,0
2379,1765228229536,1,10,1657,0,0,0,0,0
2380,1765228229811,1,10,1657,0,0,0,0,0
2381,1765228230490,1,10,1657,0,0,0,0,0
2382,1765228230549,1,10,1657,0,0,0,0,0
2383,1765228230685,1,10,1657,0,0,0,0,0
2384,1765228231392,1,10,1657,0,0,0,0,0
2385,1765228231679,1,10,1657,0,0,0,0,0
2386,1765228231800,1,10,1657,0,0,0,0,0
2387,1765228232126,1,10,1657,0,0,0,0,0
2388,1765228232525,1,10,1657,0,0,0,0,0
2389,1765228232842,1,10,1657,0,0,0,0,0
2390,1765228233242,1,10,1657,0,0,0,0,0
2391,1765228233577,1,10,1657,0,0,0,0,0
2392,1765228233713,1,10,1657,0,0,0,0,0
2393,1765228233993,1,10,1657,0,0,0,0,0
2394,1765228234392,1,10,1657,0,0,0,0,0
2395,1765228356901,1,10,0,0,0,0,0,0
2396,1765228357201,1,10,0,0,0,0,0,0
2397,1765228357484,1,10,0,0,0,0,0,0
2398,1765228357801,1,10,0,0,0,0,0,0
2399,1765228358080,1,10,0,0,0,0,0,0
2400,1765228358477,1,10,0,0,0,0,0,0
2401,1765228358752,1,10,0,0,0,0,0,0
2402,1765228358876,1,10,0,0,0,0,0,0
2403,1765228359219,1,10,0,0,0,0,0,0
2404,1765228359632,1,10,0,0,0,0,0,0
2405,1765228360933,1,10,0,0,0,0,0,0
2406,1765228361233,1,10,0,0,0,0,0,0
2407,1765228361511,1,10,0,0,0,0,0,0
2408,1765228361582,1,10,0,0,0,0,0,0
2409,1765228361867,1,10,0,0,0,0,0,0
2410,1765228362151,1,10,0,0,0,0,0,0
2411,1765228362266,1,10,0,0,0,0,0,0
2412,1765228362601,1,10,0,0,0,0,0,0
2413,1765228363026,1,10,0,0,0,0,0,0
2414,1765228363366,1,10,0,0,0,0,0,0
2415,1765228363528,1,10,0,0,0,0,0,0
2416,1765228363825,1,10,0,0,0,0,0,0
2417,1765228364685,1,10,0,0,0,0,0,0
2418,1765228364743,1,10,0,0,0,0,0,0
2419,1765228364767,1,10,0,0,0,0,0,0
2420,1765228364959,1,10,0,0,0,0,0,0
2421,1765228365406,1,10,0,0,0,0,0,0
2422,1765228365691,1,10,0,0,0,0,0,0
2423,1765228366115,1,10,0,0,0,0,0,0
2424,1765228366399,1,10,0,0,0,0,0,0
2425,1765228366524,1,10,0,0,0,0,0,0
2426,1765228366850,1,10,0,0,0,0,0,0
2427,1765228367249,1,10,0,0,0,0,0,0
2428,1765228367558,1,10,0,0,0,0,0,0
2429,1765228367956,1,10,0,0,0,0,0,0
2430,1765228368239,1,10,0,0,0,0,0,0
2431,1765228368696,1,10,0,0,0,0,0,0
2432,1765228368972,1,10,0,0,0,0,0,0
2433,1765228369104,1,10,0,0,0,0,0,0
2434,1765228369443,1,10,0,0,0,0,0,0
2435,1765228370824,1,10,0,0,0,0,0,0
2436,1765228371115,1,10,0,0,0,0,0,0
2437,1765228371388,1,10,0,0,0,0,0,0
2438,1765228371705,1,10,0,0,0,0,0,0
2439,1765228371981,1,10,0,0,0,0,0,0
2440,1765228372396,1,10,0,0,0,0,0,0
2441,1765228372666,1,10,0,0,0,0,0,0
2442,1765228372809,1,10,0,0,0,0,0,0
2443,1765228373130,1,10,0,0,0,0,0,0
2444,1765228373526,1,10,0,0,0,0,0,0
2445,1765228373846,1,10,0,0,0,0,0,0
2446,1765228374236,1,10,0,0,0,0,0,0
2447,1765228374549,1,10,0,0,0,0,0,0
2448,1765228374648,1,10,0,0,0,0,0,0
2449,1765228374991,1,10,0,0,0,0,0,0
2450,1765228375381,1,10,0,0,0,0,0,0
2451,1765228375723,1,10,0,0,0,0,0,0
2452,1765228376113,1,10,0,0,0,0,0,0
2453,1765228376904,1,10,0,0,0,0,0,0
2454,1765228376931,1,10,0,0,0,0,0,0
2455,1765228376995,1,10,0,0,0,0,0,0
2456,1765228377304,1,10,0,0,0,0,0,0
2457,1765228377603,1,10,0,0,0,0,0,0
2458,1765228377995,1,10,0,0,0,0,0,0
2459,1765228378463,1,10,0,0,0,0,0,0
2460,1765228378755,1,10,0,0,0,0,0,0
2461,1765228379181,1,10,0,0,0,0,0,0
2462,1765228379455,1,10,0,0,0,0,0,0
2463,1765228379587,1,10,0,0,0,0,0,0
2464,1765228379937,1,10,0,0,0,0,0,0
2465,1765228380347,1,10,0,0,0,0,0,0
2466,1765228380621,1,10,0,0,0,0,0,0
2467,1765228381079,1,10,0,0,0,0,0,0
2468,1765228381362,1,10,0,0,0,0,0,0
2469,1765228381505,1,10,0,0,0,0,0,0
2470,1765228381820,1,10,0,0,0,0,0,0
2471,1765228382271,1,10,0,0,0,0,0,0
2472,1765228382595,1,10,0,0,0,0,0,0
2473,1765228382737,1,10,0,0,0,0,0,0
2474,1765228383024,1,10,0,0,0,0,0,0
2475,1765228383514,1,10,0,0,0,0,0,0
2476,1765228383938,1,10,0,0,0,0,0,0
2477,1765228384237,1,10,0,0,0,0,0,0
2478,1765228384695,1,10,0,0,0,0,0,0
2479,1765228385413,1,10,0,0,0,0,0,0
2480,1765228385696,1,10,0,0,0,0,0,0
2481,1765228386129,1,10,0,0,0,0,0,0
2482,1765228386428,1,10,0,0,0,0,0,0
2483,1765228386853,1,10,0,0,0,0,0,0
2484,1765228387780,1,10,0,0,0,0,0,0
2485,1765228387803,1,10,0,0,0,0,0,0
2486,1765228387859,1,10,0,0,0,0,0,0
2487,1765228388051,1,10,0,0,0,0,0,0
2488,1765228388335,1,10,0,0,0,0,0,0
2489,1765228388761,1,10,0,0,0,0,0,0
2490,1765228389042,1,10,0,0,0,0,0,0
2491,1765228389170,1,10,0,0,0,0,0,0
2492,1765228389460,1,10,0,0,0,0,0,0
2493,1765228389909,1,10,0,0,0,0,0,0
2494,1765228390203,1,10,0,0,0,0,0,0
2495,1765228390595,1,10,0,0,0,0,0,0
2496,1765228390893,1,10,0,0,0,0,0,0
2497,1765228391013,1,10,0,0,0,0,0,0
2498,1765228391334,1,10,0,0,0,0,0,0
2499,1765228391743,1,10,0,0,0,0,0,0
2500,1765228392050,1,10,0,0,0,0,0,0
2501,1765228392430,1,10,0,0,0,0,0,0
2502,1765228392717,1,10,0,0,0,0,0,0
2503,1765228393152,1,10,0,0,0,0,0,0
2504,1765228393435,1,10,0,0,0,0,0,0
2505,1765228393569,1,10,0,0,0,0,0,0
2506,1765228393877,1,10,0,0,0,0,0,0
2507,1765228394292,1,10,0,0,0,0,0,0
2508,1765228394607,1,10,0,0,0,0,0,0
2509,1765228394750,1,10,0,0,0,0,0,0
2510,1765228395024,1,10,0,0,0,0,0,0
2511,1765228395442,1,10,0,0,0,0,0,0
2512,1765228395733,1,10,0,0,0,0,0,0
2513,1765228396150,1,10,0,0,0,0,0,0
2514,1765228396476,1,10,0,0,0,0,0,0
2515,1765228396608,1,10,0,0,0,0,0,0
2516,1765228396893,1,10,0,0,0,0,0,0
2517,1765228397341,1,10,0,0,0,0,0,0
2518,1765228397625,1,10,0,0,0,0,0,0
2519,1765228398796,1,10,0,0,0,0,0,0
2520,1765228398842,1,10,0,0,0,0,0,0
2521,1765228398858,1,10,0,0,0,0,0,0
2522,1765228398900,1,10,0,0,0,0,0,0
2523,1765228399243,1,10,0,0,0,0,0,0
2524,1765228399536,1,10,0,0,0,0,0,0
2525,1765228399695,1,10,0,0,0,0,0,0
2526,1765228400028,1,10,0,0,0,0,0,0
2527,1765228400443,1,10,0,0,0,0,0,0
2528,1765228400761,1,10,0,0,0,0,0,0
2529,1765228400901,1,10,0,0,0,0,0,0
2530,1765228401188,1,10,0,0,0,0,0,0
2531,1765228401649,1,10,0,0,0,0,0,0
2532,1765228401980,1,10,0,0,0,0,0,0
2533,1765228402127,1,10,0,0,0,0,0,0
2534,1765228402411,1,10,0,0,0,0,0,0
2535,1765228402881,1,10,0,0,0,0,0,0
2536,1765228403175,1,10,0,0,0,0,0,0
2537,1765228403668,1,10,0,0,0,0,0,0
2538,1765228404096,1,10,0,0,0,0,0,0
2539,1765228404433,1,10,0,0,0,0,0,0
2540,1765228404532,1,10,0,0,0,0,0,0
2541,1765228404851,1,10,0,0,0,0,0,0
2542,1765228405295,1,10,0,0,0,0,0,0
2543,1765228405652,1,10,0,0,0,0,0,0
2544,1765228405781,1,10,0,0,0,0,0,0
2545,1765228406079,1,10,0,0,0,0,0,0
2546,1765228406532,1,10,0,0,0,0,0,0
2547,1765228406832,1,10,0,0,0,0,0,0
2548,1765228407270,1,10,0,0,0,0,0,0
2549,1765228407667,1,10,0,0,0,0,0,0
2550,1765228407959,1,10,0,0,0,0,0,0
2551,1765228408422,1,10,0,0,0,0,0,0
2552,1765228408681,1,10,0,0,0,0,0,0
2553,1765228409669,1,10,0,0,0,0,0,0
2554,1765228409709,1,10,0,0,0,0,0,0
2555,1765228409865,1,10,0,0,0,0,0,0
2556,1765228410278,1,10,0,0,0,0,0,0
2557,1765228410616,1,10,0,0,0,0,0,0
2558,1765228410700,1,10,0,0,0,0,0,0
2559,1765228410995,1,10,0,0,0,0,0,0
2560,1765228411278,1,10,0,0,0,0,0,0
2561,1765228411399,1,10,0,0,0,0,0,0
2562,1765228411735,1,10,0,0,0,0,0,0
2563,1765228412147,1,10,0,0,0,0,0,0
2564,1765228412495,1,10,0,0,0,0,0,0
2565,1765228412605,1,10,0,0,0,0,0,0
2566,1765228412893,1,10,0,0,0,0,0,0
2567,1765228413349,1,10,0,0,0,0,0,0
2568,1765228413623,1,10,0,0,0,0,0,0
2569,1765228414059,1,10,0,0,0,0,0,0
2570,1765228414508,1,10,0,0,0,0,0,0
2571,1765228414801,1,10,0,0,0,0,0,0
2572,1765228415257,1,10,0,0,0,0,0,0
2573,1765228415540,1,10,0,0,0,0,0,0
2574,1765228415653,1,10,0,0,0,0,0,0
2575,1765228415997,1,10,0,0,0,0,0,0
2576,1765228416403,1,10,0,0,0,0,0,0
2577,1765228416729,1,10,0,0,0,0,0,0
2578,1765228417120,1,10,0,0,0,0,0,0
2579,1765228417416,1,10,0,0,0,0,0,0
2580,1765228417868,1,10,0,0,0,0,0,0
2581,1765228418257,1,10,0,0,0,0,0,0
2582,1765228418584,1,10,0,0,0,0,0,0
2583,1765228419001,1,10,0,0,0,0,0,0
2584,1765228419332,1,10,0,0,0,0,0,0
2585,1765228419469,1,10,0,0,0,0,0,0
2586,1765228419740,1,10,0,0,0,0,0,0
2587,1765228420633,1,10,0,0,0,0,0,0
2588,1765228420674,1,10,0,0,0,0,0,0
2589,1765228420674,1,10,0,0,0,0,0,0
2590,1765228420876,1,10,0,0,0,0,0,0
2591,1765228421351,1,10,0,0,0,0,0,0
2592,1765228421628,1,10,0,0,0,0,0,0
2593,1765228422087,1,10,0,0,0,0,0,0
2594,1765228422369,1,10,0,0,0,0,0,0
2595,1765228422476,1,10,0,0,0,0,0,0
2596,1765228422829,1,10,0,0,0,0,0,0
2597,1765228423208,1,10,0,0,0,0,0,0
2598,1765228423495,1,10,0,0,0,0,0,0
2599,1765228423930,1,10,0,0,0,0,0,0
2600,1765228424210,1,10,0,0,0,0,0,0
2601,1765228424672,1,10,0,0,0,0,0,0
2602,1765228425060,1,10,0,0,0,0,0,0
2603,1765228425396,1,10,0,0,0,0,0,0
2604,1765228425784,1,10,0,0,0,0,0,0
2605,1765228426134,1,10,0,0,0,0,0,0
2606,1765228426220,1,10,0,0,0,0,0,0
2607,1765228426541,1,10,0,0,0,0,0,0
2608,1765228426940,1,10,0,0,0,0,0,0
2609,1765228427252,1,10,0,0,0,0,0,0
2610,1765228427665,1,10,0,0,0,0,0,0
2611,1765228428000,1,10,0,0,0,0,0,0
2612,1765228428124,1,10,0,0,0,0,0,0
2613,1765228428411,1,10,0,0,0,0,0,0
2614,1765228428869,1,10,0,0,0,0,0,0
2615,1765228429152,1,10,0,0,0,0,0,0
2616,1765228429583,1,10,0,0,0,0,0,0
2617,1765228430011,1,10,0,0,0,0,0,0
2618,1765228430300,1,10,0,0,0,0,0,0
2619,1765228430746,1,10,0,0,0,0,0,0
2620,1765228431534,1,10,0,0,0,0,0,0
2621,1765228431556,1,10,0,0,0,0,0,0
2622,1765228431601,1,10,0,0,0,0,0,0
2623,1765228431916,1,10,0,0,0,0,0,0
2624,1765228432252,1,10,0,0,0,0,0,0
2625,1765228432681,1,10,0,0,0,0,0,0
2626,1765228433114,1,10,0,0,0,0,0,0
2627,1765228433456,1,10,0,0,0,0,0,0
2628,1765228433601,1,10,0,0,0,0,0,0
2629,1765228433901,1,10,0,0,0,0,0,0
2630,1765228434345,1,10,0,0,0,0,0,0
2631,1765228434642,1,10,0,0,0,0,0,0
2632,1765228434804,1,10,0,0,0,0,0,0
2633,1765228435143,1,10,0,0,0,0,0,0
2634,1765228435577,1,10,0,0,0,0,0,0
2635,1765228435876,1,10,0,0,0,0,0,0
2636,1765228436020,1,10,0,0,0,0,0,0
2637,1765228436330,1,10,0,0,0,0,0,0
2638,1765228436779,1,10,0,0,0,0,0,0
2639,1765228437120,1,10,0,0,0,0,0,0
2640,1765228437262,1,10,0,0,0,0,0,0
2641,1765228437557,1,10,0,0,0,0,0,0
2642,1765228438040,1,10,0,0,0,0,0,0
2643,1765228438324,1,10,0,0,0,0,0,0
2644,1765228438473,1,10,0,0,0,0,0,0
2645,1765228438808,1,10,0,0,0,0,0,0
2646,1765228439264,1,10,0,0,0,0,0,0
2647,1765228439723,1,10,0,0,0,0,0,0
2648,1765228440027,1,10,0,0,0,0,0,0
2649,1765228440191,1,10,0,0,0,0,0,0
2650,1765228440478,1,10,0,0,0,0,0,0
2651,1765228440960,1,10,0,0,0,0,0,0
2652,1765228441234,1,10,0,0,0,0,0,0
2653,1765228441657,1,10,0,0,0,0,0,0
2654,1765228442495,1,10,0,0,0,0,0,0
2655,1765228442517,1,10,0,0,0,0,0,0
2656,1765228442557,1,10,0,0,0,0,0,0
2657,1765228442817,1,10,0,0,0,0,0,0
2658,1765228443096,1,10,0,0,0,0,0,0
2659,1765228443553,1,10,0,0,0,0,0,0
2660,1765228443818,1,10,0,0,0,0,0,0
2661,1765228443952,1,10,0,0,0,0,0,0
2662,1765228444291,1,10,0,0,0,0,0,0
2663,1765228444691,1,10,0,0,0,0,0,0
2664,1765228444977,1,10,0,0,0,0,0,0
2665,1765228445411,1,10,0,0,0,0,0,0
2666,1765228445680,1,10,0,0,0,0,0,0
2667,1765228445812,1,10,0,0,0,0,0,0
2668,1765228446135,1,10,0,0,0,0,0,0
2669,1765228446536,1,10,0,0,0,0,0,0
2670,1765228446840,1,10,0,0,0,0,0,0
2671,1765228447251,1,10,0,0,0,0,0,0
2672,1765228447584,1,10,0,0,0,0,0,0
2673,1765228447693,1,10,0,0,0,0,0,0
2674,1765228447994,1,10,0,0,0,0,0,0
2675,1765228448399,1,10,0,0,0,0,0,0
2676,1765228448726,1,10,0,0,0,0,0,0
2677,1765228449132,1,10,0,0,0,0,0,0
2678,1765228449456,1,10,0,0,0,0,0,0
2679,1765228449570,1,10,0,0,0,0,0,0
2680,1765228449866,1,10,0,0,0,0,0,0
2681,1765228450321,1,10,0,0,0,0,0,0
2682,1765228450597,1,10,0,0,0,0,0,0
2683,1765228451032,1,10,0,0,0,0,0,0
2684,1765228451470,1,10,0,0,0,0,0,0
2685,1765228451754,1,10,0,0,0,0,0,0
2686,1765228452219,1,10,0,0,0,0,0,0
2687,1765228452487,1,10,0,0,0,0,0,0
2688,1765228452627,1,10,0,0,0,0,0,0
2689,1765228453477,1,10,0,0,0,0,0,0
2690,1765228453525,1,10,0,0,0,0,0,0
2691,1765228453700,1,10,0,0,0,0,0,0
2692,1765228454117,1,10,0,0,0,0,0,0
2693,1765228454512,1,10,0,0,0,0,0,0
2694,1765228454845,1,10,0,0,0,0,0,0
2695,1765228455241,1,10,0,0,0,0,0,0
2696,1765228455558,1,10,0,0,0,0,0,0
2697,1765228455958,1,10,0,0,0,0,0,0
2698,1765228456292,1,10,0,0,0,0,0,0
2699,1765228456414,1,10,0,0,0,0,0,0
2700,1765228456695,1,10,0,0,0,0,0,0
2701,1765228457126,1,10,0,0,0,0,0,0
2702,1765228457432,1,10,0,0,0,0,0,0
2703,1765228457835,1,10,0,0,0,0,0,0
2704,1765228458293,1,10,0,0,0,0,0,0
2705,1765228458555,1,10,0,0,0,0,0,0
2706,1765228459030,1,10,0,0,0,0,0,0
2707,1765228459310,1,10,0,0,0,0,0,0
2708,1765228459766,1,10,0,0,0,0,0,0
2709,1765228460164,1,10,0,0,0,0,0,0
2710,1765228460436,1,10,0,0,0,0,0,0
2711,1765228460889,1,10,0,0,0,0,0,0
2712,1765228461179,1,10,0,0,0,0,0,0
2713,1765228461625,1,10,0,0,0,0,0,0
2714,1765228462033,1,10,0,0,0,0,0,0
2715,1765228462337,1,10,0,0,0,0,0,0
2716,1765228462769,1,10,0,0,0,0,0,0
2717,1765228463079,1,10,0,0,0,0,0,0
2718,1765228463192,1,10,0,0,0,0,0,0
2719,1765228463500,1,10,0,0,0,0,0,0
2720,1765228464378,1,10,0,0,0,0,0,0
2721,1765228464399,1,10,0,0,0,0,0,0
2722,1765228464656,1,10,0,0,0,0,0,0
2723,1765228465123,1,10,0,0,0,0,0,0
2724,1765228465405,1,10,0,0,0,0,0,0
2725,1765228465888,1,10,0,0,0,0,0,0
2726,1765228466167,1,10,0,0,0,0,0,0
2727,1765228466287,1,10,0,0,0,0,0,0
2728,1765228466617,1,10,0,0,0,0,0,0
2729,1765228467053,1,10,0,0,0,0,0,0
2730,1765228467336,1,10,0,0,0,0,0,0
2731,1765228467491,1,10,0,0,0,0,0,0
2732,1765228467788,1,10,0,0,0,0,0,0
2733,1765228468234,1,10,0,0,0,0,0,0
2734,1765228468569,1,10,0,0,0,0,0,0
2735,1765228468724,1,10,0,0,0,0,0,0
2736,1765228469011,1,10,0,0,0,0,0,0
2737,1765228469473,1,10,0,0,0,0,0,0
2738,1765228469771,1,10,0,0,0,0,0,0
2739,1765228469912,1,10,0,0,0,0,0,0
2740,1765228470203,1,10,0,0,0,0,0,0
2741,1765228470695,1,10,0,0,0,0,0,0
2742,1765228470983,1,10,0,0,0,0,0,0
2743,1765228471132,1,10,0,0,0,0,0,0
2744,1765228471462,1,10,0,0,0,0,0,0
2745,1765228471878,1,10,0,0,0,0,0,0
2746,1765228472216,1,10,0,0,0,0,0,0
2747,1765228472363,1,10,0,0,0,0,0,0
2748,1765228472668,1,10,0,0,0,0,0,0
2749,1765228473094,1,10,0,0,0,0,0,0
2750,1765228473411,1,10,0,0,0,0,0,0
2751,1765228473551,1,10,0,0,0,0,0,0
2752,1765228473856,1,10,0,0,0,0,0,0
2753,1765228474362,1,10,0,0,0,0,0,0
2754,1765228475359,1,10,0,0,0,0,0,0
2755,1765228475426,1,10,0,0,0,0,0,0
2756,1765228475533,1,10,0,0,0,0,0,0
2757,1765228475836,1,10,0,0,0,0,0,0
2758,1765228475931,1,10,0,0,0,0,0,0
2759,1765228476269,1,10,0,0,0,0,0,0
2760,1765228476683,1,10,0,0,0,0,0,0
2761,1765228476978,1,10,0,0,0,0,0,0
2762,1765228477394,1,10,0,0,0,0,0,0
2763,1765228477737,1,10,0,0,0,0,0,0
2764,1765228477864,1,10,0,0,0,0,0,0
2765,1765228478159,1,10,0,0,0,0,0,0
2766,1765228478571,1,10,0,0,0,0,0,0
2767,1765228478868,1,10,0,0,0,0,0,0
2768,1765228479262,1,10,0,0,0,0,0,0
2769,1765228479742,1,10,0,0,0,0,0,0
2770,1765228480004,1,10,0,0,0,0,0,0
2771,1765228480445,1,10,0,0,0,0,0,0
2772,1765228480717,1,10,0,0,0,0,0,0
2773,1765228481164,1,10,0,0,0,0,0,0
2774,1765228481437,1,10,0,0,0,0,0,0
2775,1765228481568,1,10,0,0,0,0,0,0
2776,1765228481856,1,10,0,0,0,0,0,0
2777,1765228482274,1,10,0,0,0,0,0,0
2778,1765228482551,1,10,0,0,0,0,0,0
2779,1765228483020,1,10,0,0,0,0,0,0
2780,1765228483311,1,10,0,0,0,0,0,0
2781,1765228483434,1,10,0,0,0,0,0,0
2782,1765228483739,1,10,0,0,0,0,0,0
2783,1765228484155,1,10,0,0,0,0,0,0
2784,1765228484496,1,10,0,0,0,0,0,0
2785,1765228484620,1,10,0,0,0,0,0,0
2786,1765228484888,1,10,0,0,0,0,0,0
2787,1765228485187,1,10,0,0,0,0,0,0
2788,1765228485300,1,10,0,0,0,0,0,0
2789,1765228485612,1,10,0,0,0,0,0,0
2790,1765228486283,1,10,0,0,0,0,0,0
2791,1765228486343,1,10,0,0,0,0,0,0
2792,1765228486739,1,10,0,0,0,0,0,0
2793,1765228487040,1,10,0,0,0,0,0,0
2794,1765228487166,1,10,0,0,0,0,0,0
2795,1765228487434,1,10,0,0,0,0,0,0
2796,1765228487878,1,10,0,0,0,0,0,0
2797,1765228488160,1,10,0,0,0,0,0,0
2798,1765228488555,1,10,0,0,0,0,0,0
2799,1765228488862,1,10,0,0,0,0,0,0
2800,1765228489265,1,10,0,0,0,0,0,0
2801,1765228489604,1,10,0,0,0,0,0,0
2802,1765228489718,1,10,0,0,0,0,0,0
2803,1765228489990,1,10,0,0,0,0,0,0
2804,1765228490420,1,10,0,0,0,0,0,0
2805,1765228490699,1,10,0,0,0,0,0,0
2806,1765228491125,1,10,0,0,0,0,0,0
2807,1765228491448,1,10,0,0,0,0,0,0
2808,1765228491806,1,10,0,0,0,0,0,0
2809,1765228492133,1,10,0,0,0,0,0,0
2810,1765228492244,1,10,0,0,0,0,0,0
2811,1765228492515,1,10,0,0,0,0,0,0
2812,1765228492972,1,10,0,0,0,0,0,0
2813,1765228493268,1,10,0,0,0,0,0,0
2814,1765228493708,1,10,0,0,0,0,0,0
2815,1765228494002,1,10,0,0,0,0,0,0
2816,1765228494114,1,10,0,0,0,0,0,0
2817,1765228494423,1,10,0,0,0,0,0,0
2818,1765228494826,1,10,0,0,0,0,0,0
2819,1765228495117,1,10,0,0,0,0,0,0
2820,1765228495531,1,10,0,0,0,0,0,0
2821,1765228495808,1,10,0,0,0,0,0,0
2822,1765228496282,1,10,0,0,0,0,0,0
2823,1765228497265,1,10,0,0,0,0,0,0
2824,1765228497321,1,10,0,0,0,0,0,0
2825,1765228497391,1,10,0,0,0,0,0,0
2826,1765228497677,1,10,0,0,0,0,0,0
2827,1765228498107,1,10,0,0,0,0,0,0
2828,1765228498399,1,10,0,0,0,0,0,0
2829,1765228498524,1,10,0,0,0,0,0,0
2830,1765228498856,1,10,0,0,0,0,0,0
2831,1765228499257,1,10,0,0,0,0,0,0
2832,1765228499603,1,10,0,0,0,0,0,0
2833,1765228499730,1,10,0,0,0,0,0,0
2834,1765228500009,1,10,0,0,0,0,0,0
2835,1765228500396,1,10,0,0,0,0,0,0
2836,1765228500707,1,10,0,0,0,0,0,0
2837,1765228501122,1,10,0,0,0,0,0,0
2838,1765228501484,1,10,0,0,0,0,0,0
2839,1765228501603,1,10,0,0,0,0,0,0
2840,1765228501893,1,10,0,0,0,0,0,0
2841,1765228502349,1,10,0,0,0,0,0,0
2842,1765228502640,1,10,0,0,0,0,0,0
2843,1765228502770,1,10,0,0,0,0,0,0
2844,1765228503134,1,10,0,0,0,0,0,0
2845,1765228503538,1,10,0,0,0,0,0,0
2846,1765228503830,1,10,0,0,0,0,0,0
2847,1765228504276,1,10,0,0,0,0,0,0
2848,1765228504559,1,10,0,0,0,0,0,0
2849,1765228504907,1,10,0,0,0,0,0,0
2850,1765228511167,1,10,0,0,0,0,0,0
2851,1765228531844,1,10,0,0,0,0,0,0
2852,1765228532150,1,10,0,0,0,0,0,0
2853,1765228532560,1,10,0,0,0,0,0,0
2854,1765228532892,1,10,0,0,0,0,0,0
2855,1765228533032,1,10,0,0,0,0,0,0
2856,1765228533307,1,10,0,0,0,0,0,0
2857,1765228533745,1,10,0,0,0,0,0,0
2858,1765228534045,1,10,0,0,0,0,0,0
2859,1765228534455,1,10,0,0,0,0,0,0
2860,1765228534784,1,10,0,0,0,0,0,0
2861,1765228534922,1,10,0,0,0,0,0,0
2862,1765228535208,1,10,0,0,0,0,0,0
2863,1765228535662,1,10,0,0,0,0,0,0
2864,1765228535957,1,10,0,0,0,0,0,0
2865,1765228536094,1,10,0,0,0,0,0,0
2866,1765228536431,1,10,0,0,0,0,0,0
2867,1765228536860,1,10,0,0,0,0,0,0
2868,1765228537170,1,10,0,0,0,0,0,0
2869,1765228537595,1,10,0,0,0,0,0,0
2870,1765228537869,1,10,0,0,0,0,0,0
2871,1765228538032,1,10,0,0,0,0,0,0
2872,1765228538359,1,10,0,0,0,0,0,0
2873,1765228538516,1,10,0,0,0,0,0,0
2874,1765228538803,1,10,0,0,0,0,0,0
2875,1765228539274,1,10,0,0,0,0,0,0
2876,1765228539556,1,10,0,0,0,0,0,0
2877,1765228540056,1,10,0,0,0,0,0,0
2878,1765228540871,1,10,0,0,0,0,0,0
2879,1765228540917,1,10,0,0,0,0,0,0
2880,1765228540940,1,10,0,0,0,0,0,0
2881,1765228541248,1,10,0,0,0,0,0,0
2882,1765228541652,1,10,0,0,0,0,0,0
2883,1765228542005,1,10,0,0,0,0,0,0
2884,1765228548761,0,0,0,0,0,0,0,0
2885,1765228549086,1,10,0,0,0,0,0,0
2886,1765228561369,1,10,0,0,0,0,0,0
2887,1765228561667,1,10,0,0,0,0,0,0
2888,1765228561956,1,10,0,0,0,0,0,0
2889,1765228562029,1,10,0,0,0,0,0,0
2890,1765228562311,1,10,0,0,0,0,0,0
2891,1765228562706,1,10,0,0,0,0,0,0
2892,1765228563546,1,10,0,0,0,0,0,0
2893,1765228563641,1,10,0,0,0,0,0,0
2894,1765228563978,1,10,0,0,0,0,0,0
2895,1765228564268,1,10,0,0,0,0,0,0
2896,1765228564407,1,10,0,0,0,0,0,0
2897,1765228564723,1,10,0,0,0,0,0,0
2898,1765228565139,1,10,0,0,0,0,0,0
2899,1765228565423,1,10,0,0,0,0,0,0
2900,1765228565884,2,20,0,0,0,0,0,0
2901,1765228566157,2,20,0,0,0,0,0,0
2902,1765228566615,2,20,0,0,0,0,0,0
2903,1765228567032,2,20,0,0,0,0,0,0
2904,1765228567364,2,20,0,0,0,0,0,0
2905,1765228567502,2,20,0,0,0,0,0,0
2906,1765228567783,2,20,0,0,0,0,0,0
2907,1765228568049,2,20,0,0,0,0,0,0
2908,1765228568183,2,20,0,0,0,0,0,0
2909,1765228568505,2,20,0,0,0,0,0,0
2910,1765228568896,2,20,0,0,0,0,0,0
2911,1765228569238,2,20,0,0,0,0,0,0
2912,1765228569365,2,20,0,0,0,0,0,0
2913,1765228569630,2,20,0,0,0,0,0,0
2914,1765228569963,2,20,0,0,0,0,0,0
2915,1765228570077,2,20,0,0,0,0,0,0
2916,1765228570340,2,20,0,0,0,0,0,0
2917,1765228570799,2,20,0,0,0,0,0,0
2918,1765228571089,2,20,0,0,0,0,0,0
2919,1765228571489,2,20,0,0,0,0,0,0
2920,1765228571786,2,20,0,0,0,0,0,0
2921,1765228571912,2,20,0,0,0,0,0,0
2922,1765228572197,2,20,0,0,0,0,0,0
2923,1765228572655,2,20,0,0,0,0,0,0
2924,1765228572938,2,20,0,0,0,0,0,0
2925,1765228573365,2,20,0,0,0,0,0,0
2926,1765228573636,2,20,0,0,0,0,0,0
2927,1765228574454,2,20,0,0,0,0,0,0
2928,1765228574524,2,20,0,0,0,0,0,0
2929,1765228574786,2,20,0,0,0,0,0,0
2930,1765228575201,2,20,0,0,0,0,0,0
2931,1765228575486,2,20,0,0,0,0,0,0
2932,1765228575944,2,20,0,0,0,0,0,0
2933,1765228576336,2,20,0,0,0,0,0,0
2934,1765228576644,2,20,0,0,0,0,0,0
2935,1765228577037,2,20,0,0,0,0,0,0
2936,1765228577349,2,20,0,0,0,0,0,0
2937,1765228577783,2,20,0,0,0,0,0,0
2938,1765228578075,2,20,0,0,0,0,0,0
2939,1765228578185,2,20,0,0,0,0,0,0
2940,1765228578501,2,20,0,0,0,0,0,0
2941,1765228578904,2,20,0,0,0,0,0,0
2942,1765228579259,2,20,0,0,0,0,0,0
2943,1765228579637,2,20,0,0,0,0,0,0
2944,1765228579974,2,20,0,0,0,0,0,0
2945,1765228580051,2,20,0,0,0,0,0,0
2946,1765228580355,2,20,0,0,0,0,0,0
2947,1765228580789,2,20,0,0,0,0,0,0
2948,1765228581111,2,20,0,0,0,0,0,0
2949,1765228581242,2,20,0,0,0,0,0,0
2950,1765228581528,2,20,0,0,0,0,0,0
2951,1765228581828,2,20,0,0,0,0,0,0
2952,1765228581967,2,20,0,0,0,0,0,0
2953,1765228582245,2,20,0,0,0,0,0,0
2954,1765228582703,2,20,0,0,0,0,0,0
2955,1765228582987,2,20,0,0,0,0,0,0
2956,1765228583107,2,20,0,0,0,0,0,0
2957,1765228583394,2,20,0,0,0,0,0,0
2958,1765228583839,2,20,0,0,0,0,0,0
2959,1765228584112,2,20,0,0,0,0,0,0
2960,1765228584585,2,20,0,0,0,0,0,0
2961,1765228585376,2,20,0,0,0,0,0,0
2962,1765228585478,2,20,0,0,0,0,0,0
2963,1765228585568,2,20,0,0,0,0,0,0
2964,1765228585686,2,20,0,0,0,0,0,0
2965,1765228586029,2,20,0,0,0,0,0,0
2966,1765228586425,2,20,0,0,0,0,0,0
2967,1765228586721,2,20,0,0,0,0,0,0
2968,1765228587160,2,20,0,0,0,0,0,0
2969,1765228587580,2,20,0,0,0,0,0,0
2970,1765228587918,2,20,0,0,0,0,0,0
2971,1765228588339,2,20,0,0,0,0,0,0
2972,1765228588807,2,20,0,0,0,0,0,0
2973,1765228589081,2,20,0,0,0,0,0,0
2974,1765228589507,2,20,0,0,0,0,0,0
2975,1765228589840,2,20,0,0,0,0,0,0
2976,1765228589973,2,20,0,0,0,0,0,0
2977,1765228590261,2,20,0,0,0,0,0,0
2978,1765228590732,2,20,0,0,0,0,0,0
2979,1765228591011,2,20,0,0,0,0,0,0
2980,1765228591153,2,20,0,0,0,0,0,0
2981,1765228591496,2,20,0,0,0,0,0,0
2982,1765228591920,2,20,3,0,0,0,0,0
2983,1765228592230,2,20,4,0,0,0,0,0
2984,1765228592655,2,20,9,0,0,0,0,0
2985,1765228593071,2,20,18,0,0,0,0,0
2986,1765228593399,2,20,20,0,0,0,0,0
2987,1765228593812,2,20,40,0,0,0,0,0
2988,1765228594129,2,20,45,0,0,0,0,0
2989,1765228594262,2,20,63,0,0,0,0,0
2990,1765228594531,2,20,67,0,0,0,0,0
2991,1765228595020,2,20,102,0,0,0,0,0
2992,1765228595297,2,20,108,0,0,0,0,0
2993,1765228595442,2,20,136,0,0,0,0,0
2994,1765228596268,2,20,150,0,0,0,0,0
2995,1765228596369,2,20,186,0,0,0,0,0
2996,1765228596477,0,0,186,0,0,0,0,0
2997,1765228596964,0,0,186,0,0,0,0,0
2998,1765228597408,0,0,186,0,0,0,0,0
2999,1765228597746,0,0,186,0,0,0,0,0
3000,1765228597896,0,0,186,0,0,0,0,0
3001,1765228598180,0,0,186,0,0,0,0,0
3002,1765228598651,0,0,186,0,0,0,0,0
3003,1765228598937,0,0,186,0,0,0,0,0
3004,1765228599355,0,0,186,0,0,0,0,0
3005,1765228599804,0,0,186,0,0,0,0,0
3006,1765228600093,0,0,186,0,0,0,0,0
3007,1765228600551,0,0,186,0,0,0,0,0
3008,1765228600816,0,0,186,0,0,0,0,0
3009,1765228600947,0,0,186,37008,0,0,0,0
3010,1765228601269,0,0,186,0,0,0,0,0
3011,1765228601663,0,0,186,0,0,0,0,0
3012,1765228601980,0,0,186,0,0,0,0,0
3013,1765228602419,0,0,186,0,0,0,0,0
3014,1765228602701,0,0,186,0,0,0,0,0
3015,1765228602820,0,0,186,0,0,0,0,0
3016,1765228603132,0,0,186,0,0,0,0,0
3017,1765228603534,0,0,186,0,0,0,0,0
3018,1765228603869,0,0,186,0,0,0,0,0
3019,1765228604257,0,0,186,0,0,0,0,0
3020,1765228604583,0,0,186,0,0,0,0,0
3021,1765228604996,0,0,186,0,0,0,0,0
3022,1765228605397,0,0,186,0,0,0,0,0
3023,1765228605734,0,0,186,0,0,0,0,0
3024,1765228606131,0,0,186,0,0,0,0,0
3025,1765228606460,0,0,186,0,0,0,0,0
3026,1765228606581,0,0,186,0,0,0,0,0
3027,1765228607398,0,0,186,0,0,0,0,0
3028,1765228607507,0,0,186,0,0,0,0,0
3029,1765228607986,0,0,186,0,0,0,0,0
3030,1765228608303,0,0,186,0,0,0,0,0
3031,1765228608436,0,0,186,0,0,0,0,0
3032,1765228608724,0,0,186,0,0,0,0,0
3033,1765228609183,0,0,186,0,0,0,0,0
3034,1765228609457,0,0,186,0,0,0,0,0
3035,1765228609912,0,0,186,0,0,0,0,0
3036,1765228610200,0,0,186,0,0,0,0,0
3037,1765228610331,0,0,186,0,0,0,0,0
3038,1765228610666,0,0,186,0,0,0,0,0
3039,1765228611078,0,0,186,0,0,0,0,0
3040,1765228611372,0,0,186,0,0,0,0,0
3041,1765228611806,0,0,186,0,0,0,0,0
3042,1765228612189,0,0,186,0,0,0,0,0
3043,1765228612513,0,0,186,0,0,0,0,0
3044,1765228612919,0,0,186,0,0,0,0,0
3045,1765228613248,0,0,186,0,0,0,0,0
3046,1765228613636,0,0,186,0,0,0,0,0
3047,1765228613968,0,0,186,0,0,0,0,0
3048,1765228614363,0,0,186,0,0,0,0,0
3049,1765228615063,0,39168,179,2313,0,0,0,0
3050,1765228615925,0,0,186,0,0,0,0,0
3051,1765228616199,0,0,186,0,0,0,0,0
3052,1765228616632,0,0,186,0,0,0,0,0
3053,1765228616930,0,0,186,0,0,0,0,0
3054,1765228617340,0,0,186,0,0,0,0,0
3055,1765228617685,0,0,186,0,0,0,0,0
3056,1765228617784,0,0,186,0,0,0,0,0
3057,1765228618077,0,0,186,0,0,0,0,0
3058,1765228618514,0,0,186,0,0,0,0,0
3059,1765228619309,0,0,186,0,0,0,0,0
3060,1765228619374,0,0,186,0,0,0,0,0
3061,1765228619526,0,0,186,0,0,0,0,0
3062,1765228619657,0,0,186,0,0,0,0,0
3063,1765228619968,0,0,186,0,0,0,0,0
3064,1765228620366,0,0,186,0,0,0,0,0
3065,1765228620657,0,0,186,0,0,0,0,0
3066,1765228621099,0,0,186,0,0,0,0,0
3067,1765228622807,1,10,0,0,0,0,0,0
3068,1765228623102,1,10,0,0,0,0,0,0
3069,1765228623375,1,10,0,0,0,0,0,0
3070,1765228623966,1,10,0,0,0,0,0,0
3071,1765228624657,1,10,0,0,0,0,0,0
3072,1765228624782,1,3082,0,12,0,0,0,0
3073,1765228625123,1,10,0,0,0,0,0,0
3074,1765228625516,1,10,0,0,0,0,0,0
3075,1765228626233,1,10,0,0,0,0,0,0
3076,1765228626556,1,10,0,0,0,0,0,0
3077,1765228626640,1,10,0,0,0,0,0,0
3078,1765228626958,1,10,0,0,0,0,0,0
3079,1765228627372,1,10,0,0,0,0,0,0
3080,1765228627677,1,10,0,0,0,0,0,0
3081,1765228628427,1,10,0,0,0,0,0,0
3082,1765228628832,1,10,0,0,0,0,0,0
3083,1765228629233,1,10,0,0,0,0,0,0
3084,1765228629549,1,10,0,0,0,0,0,0
3085,1765228629956,1,10,0,0,0,0,0,0
3086,1765228630282,1,10,0,0,0,0,0,0
3087,1765228630415,1,10,0,0,0,0,0,0
3088,1765228630707,1,10,0,0,0,0,0,0
3089,1765228631123,1,10,0,0,0,0,0,0
3090,1765228631407,1,10,0,0,0,0,0,0
3091,1765228632436,1,10,0,0,0,0,0,0
3092,1765228632491,1,10,0,0,0,0,0,0
3093,1765228632527,1,10,0,0,0,0,0,0
3094,1765228632592,1,10,0,0,0,0,0,0
3095,1765228632993,1,10,0,0,0,0,0,0
3096,1765228633277,1,10,0,0,0,0,0,0
3097,1765228633735,1,10,0,0,0,0,0,0
3098,1765228634017,1,10,0,0,0,0,0,0
3099,1765228634126,1,10,0,0,0,0,0,0
3100,1765228634443,1,10,0,0,0,0,0,0
3101,1765228634876,1,10,0,0,0,0,0,0
3102,1765228635208,1,10,0,0,0,0,0,0
3103,1765228635318,1,10,0,0,0,0,0,0
3104,1765228635626,1,10,0,0,0,0,0,0
3105,1765228636060,1,10,0,0,0,0,0,0
3106,1765228636393,1,10,0,0,0,0,0,0
3107,1765228636808,1,10,0,0,0,0,0,0
3108,1765228637308,1,10,0,0,0,0,0,0
3109,1765228637609,1,10,0,0,0,0,0,0
3110,1765228637746,1,10,0,0,0,0,0,0
3111,1765228638090,1,10,0,0,0,0,0,0
3112,1765228638528,1,10,0,0,0,0,0,0
3113,1765228638843,1,10,0,0,0,0,0,0
3114,1765228638966,1,10,0,0,0,0,0,0
3115,1765228639301,1,10,0,0,0,0,0,0
3116,1765228639726,1,10,0,0,0,0,0,0
3117,1765228640059,1,10,0,0,0,0,0,0
3118,1765228640209,1,10,0,0,0,0,0,0
3119,1765228640491,1,10,0,0,0,0,0,0
3120,1765228641001,1,10,0,0,0,0,0,0
3121,1765228641450,1,10,0,0,0,0,0,0
3122,1765228641733,1,10,0,0,0,0,0,0
3123,1765228642192,1,10,0,0,0,0,0,0
3124,1765228642483,1,10,0,0,0,0,0,0
3125,1765228642616,1,10,0,0,0,0,0,0
3126,1765228643467,1,10,0,0,0,0,0,0
3127,1765228643542,1,10,0,0,0,0,0,0
3128,1765228643699,1,10,0,0,0,0,0,0
3129,1765228643833,1,10,0,0,0,0,0,0
3130,1765228644099,1,10,0,0,0,0,0,0
3131,1765228644550,1,10,0,0,0,0,0,0
3132,1765228644831,1,10,0,0,0,0,0,0
3133,1765228645241,1,10,0,0,0,0,0,0
3134,1765228645557,1,10,0,0,0,0,0,0
3135,1765228645665,1,10,0,0,0,0,0,0
3136,1765228645948,1,10,0,0,0,0,0,0
3137,1765228646399,1,10,0,0,0,0,0,0
3138,1765228646681,1,10,0,0,0,0,0,0
3139,1765228647124,1,10,0,0,0,0,0,0
3140,1765228647415,1,10,0,0,0,0,0,0
3141,1765228647532,1,10,0,0,0,0,0,0
3142,1765228647857,1,10,0,0,0,0,0,0
3143,1765228648273,1,10,0,0,0,0,0,0
3144,1765228648560,1,10,0,0,0,0,0,0
3145,1765228649006,1,10,0,0,0,0,0,0
3146,1765228649280,1,10,0,0,0,0,0,0
3147,1765228649423,1,10,0,0,0,0,0,0
3148,1765228649760,1,10,0,0,0,0,0,0
3149,1765228650181,1,10,0,0,0,0,0,0
3150,1765228650498,1,10,0,0,0,0,0,0
3151,1765228650897,1,10,0,0,0,0,0,0
3152,1765228651315,1,10,0,0,0,0,0,0
3153,1765228651640,1,10,0,0,0,0,0,0
3154,1765228652373,1,10,0,0,0,0,0,0
3155,1765228652505,1,10,0,0,0,0,0,0
3156,1765228652790,1,10,0,0,0,0,0,0
3157,1765228653255,1,10,0,0,0,0,0,0
3158,1765228653542,1,10,0,0,0,0,0,0
3159,1765228653923,1,10,0,0,0,0,0,0
3160,1765228654677,1,10,0,0,0,0,0,0
3161,1765228654699,1,10,0,0,0,0,0,0
3162,1765228654736,1,10,0,0,0,0,0,0
3163,1765228655119,1,10,0,0,0,0,0,0
3164,1765228655393,1,10,0,0,0,0,0,0
3165,1765228655835,1,10,0,0,0,0,0,0
3166,1765228656119,1,10,0,0,0,0,0,0
3167,1765228656220,1,10,0,0,0,0,0,0
3168,1765228656571,1,10,0,0,0,0,0,0
3169,1765228656955,1,10,0,0,0,0,0,0
3170,1765228657236,1,10,0,0,0,0,0,0
3171,1765228657645,1,10,3,0,0,0,0,0
3172,1765228657936,1,10,4,0,0,0,0,0
3173,1765228658370,1,10,7,0,0,0,0,0
3174,1765228658645,1,10,8,0,0,0,0,0
3175,1765228658769,1,10,10,0,0,0,0,0
3176,1765228659111,1,10,10,0,0,0,0,0
3177,1765228659503,1,10,15,0,0,0,0,0
3178,1765228659836,1,10,16,0,0,0,0,0
3179,1765228660527,1,10,23,0,0,0,0,0
3180,1765228660635,1,10,31,0,0,0,0,0
3181,1765228660942,1,10,33,0,0,0,0,0
3182,1765228661335,1,10,43,0,0,0,0,0
3183,1765228661686,1,10,48,0,0,0,0,0
3184,1765228662084,1,10,60,0,0,0,0,0
3185,1765228662410,1,10,63,0,0,0,0,0
3186,1765228662544,1,10,78,0,0,0,0,0
3187,1765228662827,1,10,81,0,0,0,0,0
3188,1765228663251,1,10,97,0,0,0,0,0
3189,1765228663543,1,10,100,0,0,0,0,0
3190,1765228663954,1,10,121,0,0,0,0,0
3191,1765228664255,1,10,125,0,0,0,0,0
3192,1765228664378,1,10,140,0,0,0,0,0
3193,1765228664659,1,10,144,0,0,0,0,0
3194,1765228665705,1,10,167,0,0,0,0,0
3195,1765228665755,1,10,171,0,0,0,0,0
3196,1765228665832,1,10,191,0,0,0,0,0
3197,1765228666099,1,10,199,0,0,0,0,0
3198,1765228666532,1,10,219,0,0,0,0,0
3199,1765228666959,1,10,245,0,0,0,0,0
3200,1765228667248,1,10,249,0,0,0,0,0
3201,1765228667699,1,10,272,0,0,0,0,0
3202,1765228667982,1,10,276,0,0,0,0,0
3203,1765228668115,1,10,299,0,0,0,0,0
3204,1765228668440,1,10,304,0,0,0,0,0
3205,1765228668865,1,10,327,0,0,0,0,0
3206,1765228669174,1,10,332,0,0,0,0,0
3207,1765228669565,1,10,360,0,0,0,0,0
3208,1765228669864,1,10,365,0,0,0,0,0
3209,1765228669973,1,27146,10636,21274,0,0,0,0
3210,1765228670333,1,10,389,0,0,0,0,0
3211,1765228670732,1,10,419,0,0,0,0,0
3212,1765228671039,1,10,424,0,0,0,0,0
3213,1765228671455,1,10,454,0,0,0,0,0
3214,1765228671929,1,10,480,0,0,0,0,0
3215,1765228672199,1,10,485,0,0,0,0,0
3216,1765228672606,1,10,516,0,0,0,0,0
3217,1765228672931,1,10,521,0,0,0,0,0
3218,1765228673063,1,10,542,0,0,0,0,0
3219,1765228673348,1,10,547,0,0,0,0,0
3220,1765228673814,1,10,580,0,0,0,0,0
3221,1765228674097,1,10,582,0,0,0,0,0
3222,1765228674560,1,10,586,0,0,0,0,0
3223,1765228674848,1,10,587,0,0,0,0,0
3224,1765228674972,1,10,592,0,0,0,0,0
3225,1765228675316,1,10,592,0,0,0,0,0
3226,1765228675765,1,10,593,0,0,0,0,0
3227,1765228676055,1,10,593,0,0,0,0,0
3228,1765228676801,1,10,593,0,0,0,0,0
3229,1765228676862,1,10,593,0,0,0,0,0
3230,1765228676937,1,10,593,0,0,0,0,0
3231,1765228677426,1,10,593,0,0,0,0,0
3232,1765228677709,1,10,593,0,0,0,0,0
3233,1765228678159,1,10,593,0,0,0,0,0
3234,1765228678452,1,10,593,0,0,0,0,0
3235,1765228678570,1,10,593,0,0,0,0,0
3236,1765228678868,1,10,593,0,0,0,0,0
3237,1765228679316,1,10,593,0,0,0,0,0
3238,1765228679599,1,10,593,0,0,0,0,0
3239,1765228680032,1,10,593,0,0,0,0,0
3240,1765228680317,1,10,593,0,0,0,0,0
3241,1765228680442,1,10,593,0,0,0,0,0
3242,1765228680782,1,10,593,0,0,0,0,0
3243,1765228681199,1,10,593,0,0,0,0,0
3244,1765228681491,1,10,593,0,0,0,0,0
3245,1765228681899,1,10,593,0,0,0,0,0
3246,1765228682191,1,10,593,0,0,0,0,0
3247,1765228682299,1,10,593,0,0,0,0,0
3248,1765228682634,1,10,593,0,0,0,0,0
3249,1765228683043,1,10,593,0,0,0,0,0
3250,1765228683349,1,10,593,0,0,0,0,0
3251,1765228683774,1,10,593,0,0,0,0,0
3252,1765228684088,1,10,593,0,0,0,0,0
3253,1765228684233,1,10,593,0,0,0,0,0
3254,1765228684516,1,10,593,0,0,0,0,0
3255,1765228684924,1,10,593,0,0,0,0,0
3256,1765228685223,1,10,593,0,0,0,0,0
3257,1765228685642,1,10,593,0,0,0,0,0
3258,1765228686090,1,10,593,0,0,0,0,0
3259,1765228686374,1,10,593,0,0,0,0,0
3260,1765228686822,1,10,593,0,0,0,0,0
3261,1765228687725,1,10,593,0,0,0,0,0
3262,1765228687795,1,10,593,0,0,0,0,0
3263,1765228687974,1,10,593,0,0,0,0,0
3264,1765228688250,1,10,593,0,0,0,0,0
3265,1765228688679,1,10,593,0,0,0,0,0
3266,1765228688975,1,10,593,0,0,0,0,0
3267,1765228689424,1,10,593,0,0,0,0,0
3268,1765228689850,1,10,593,0,0,0,0,0
3269,1765228690174,1,10,593,0,0,0,0,0
3270,1765228690567,1,10,593,0,0,0,0,0
3271,1765228690916,1,10,593,0,0,0,0,0
3272,1765228691008,1,10,593,0,0,0,0,0
3273,1765228691317,1,10,593,0,0,0,0,0
3274,1765228691729,1,10,593,0,0,0,0,0
3275,1765228692049,1,10,593,0,0,0,0,0
3276,1765228692448,1,10,593,0,0,0,0,0
3277,1765228692790,1,10,593,0,0,0,0,0
3278,1765228692908,1,10,593,0,0,0,0,0
3279,1765228693207,1,10,593,0,0,0,0,0
3280,1765228693641,1,10,593,0,0,0,0,0
3281,1765228693912,1,10,593,0,0,0,0,0
3282,1765228694331,1,10,605,0,0,0,0,0
3283,1765228694782,1,10,628,0,0,0,0,0
3284,1765228695048,1,10,631,0,0,0,0,0
3285,1765228695474,1,10,641,0,0,0,0,0
3286,1765228695761,1,10,643,0,0,0,0,0
3287,1765228696205,1,10,645,0,0,0,0,0
3288,1765228696480,1,10,645,0,0,0,0,0
3289,1765228696616,1,10,645,0,0,0,0,0
3290,1765228696915,1,10,646,0,0,0,0,0
3291,1765228697324,1,10,647,0,0,0,0,0
3292,1765228697607,1,10,647,0,0,0,0,0
3293,1765228698656,1,10,650,0,0,0,0,0
3294,1765228698730,1,10,650,0,0,0,0,0
3295,1765228698744,1,10,653,0,0,0,0,0
3296,1765228698816,1,10,654,0,0,0,0,0
3297,1765228699167,1,10,660,0,0,0,0,0
3298,1765228699507,1,10,661,0,0,0,0,0
3299,1765228699907,1,10,667,0,0,0,0,0
3300,1765228700207,1,10,670,0,0,0,0,0
3301,1765228700616,1,10,677,0,0,0,0,0
3302,1765228700898,1,10,679,0,0,0,0,0
3303,1765228701014,1,10,687,0,0,0,0,0
3304,1765228701365,1,10,689,0,0,0,0,0
3305,1765228701731,1,10,698,0,0,0,0,0
3306,1765228702065,1,10,698,0,0,0,0,0
3307,1765228702206,1,10,698,0,0,0,0,0
3308,1765228702498,1,10,698,0,0,0,0,0
3309,1765228702982,1,10,698,0,0,0,0,0
3310,1765228703256,1,10,698,0,0,0,0,0
3311,1765228703681,1,10,698,0,0,0,0,0
3312,1765228703989,1,10,698,0,0,0,0,0
3313,1765228704140,1,10,698,0,0,0,0,0
3314,1765228704423,1,10,698,0,0,0,0,0
3315,1765228704923,1,10,698,0,0,0,0,0
3316,1765228705339,1,10,698,0,0,0,0,0
3317,1765228705654,1,10,698,0,0,0,0,0
3318,1765228706105,1,10,698,0,0,0,0,0
3319,1765228706547,1,10,698,0,0,0,0,0
3320,1765228706880,1,10,698,0,0,0,0,0
3321,1765228707330,1,10,698,0,0,0,0,0
3322,1765228707802,1,10,698,0,0,0,0,0
3323,1765228708097,1,10,698,0,0,0,0,0
3324,1765228708577,1,10,698,0,0,0,0,0
3325,1765228709613,1,10,698,0,0,0,0,0
3326,1765228709675,1,10,698,0,0,0,0,0
3327,1765228709699,1,10,698,0,0,0,0,0
3328,1765228709778,1,10,698,0,0,0,0,0
3329,1765228710229,1,10,698,0,0,0,0,0
3330,1765228710572,1,10,698,0,0,0,0,0
3331,1765228710722,1,10,698,0,0,0,0,0
3332,1765228711013,1,10,698,0,0,0,0,0
3333,1765228711480,1,10,698,0,0,0,0,0
3334,1765228711781,1,10,698,0,0,0,0,0
3335,1765228711921,1,10,698,0,0,0,0,0
3336,1765228712272,1,10,698,0,0,0,0,0
3337,1765228712685,1,10,698,0,0,0,0,0
3338,1765228712971,1,10,698,0,0,0,0,0
3339,1765228713089,1,10,698,0,0,0,0,0
3340,1765228713404,1,10,698,0,0,0,0,0
3341,1765228713824,1,10,698,0,0,0,0,0
3342,1765228995795,0,0,344,0,0,0,0,0
3343,1765228996071,0,0,344,0,0,0,0,0
3344,1765228996530,0,0,344,0,0,0,0,0
3345,1765228996947,0,0,344,0,0,0,0,0
3346,1765228997287,0,0,344,42112,0,0,0,0
3347,1765229000112,1,10,0,0,0,0,0,0
3348,1765229000503,1,10,0,0,0,0,0,0
3349,1765229000836,1,10,0,0,0,0,0,0
3350,1765229003253,1,10,0,8,0,0,0,0
3351,1765229003711,1,10,0,0,0,0,0,0
3352,1765229003986,1,10,0,0,0,0,0,0
3353,1765229004119,1,10,0,0,0,0,0,0
3354,1765229006005,1,10,0,0,0,0,0,0
3355,1765229006059,1,10,0,0,0,0,0,0
3356,1765229006085,1,10,0,0,0,0,0,0
3357,1765229006296,1,10,0,0,0,0,0,0
3358,1765229006698,1,10,0,0,0,0,0,0
3359,1765229007044,1,10,0,0,0,0,0,0
3360,1765229007429,1,10,0,0,0,0,0,0
3361,1765229007754,1,10,0,0,0,0,0,0
3362,1765229007871,1,10,0,0,0,0,0,0
3363,1765229008138,1,10,0,0,0,0,0,0
3364,1765229008590,1,10,0,0,0,0,0,0
3365,1765229008881,1,10,0,0,0,0,0,0
3366,1765229009280,1,10,0,0,0,0,0,0
3367,1765229009579,1,10,0,0,0,0,0,0
3368,1765229009712,1,10,0,0,0,0,0,0
3369,1765229010472,1,10,0,24576,0,0,0,0
3370,1765229010737,1,10,0,0,0,0,0,0
3371,1765229011204,1,10,0,0,0,0,0,0
3372,1765229011470,1,10,0,0,0,0,0,0
3373,1765229011579,1,10,0,0,0,0,0,0
3374,1765229011913,1,10,0,0,0,0,0,0
3375,1765229012330,1,10,0,0,0,0,0,0
3376,1765229012612,1,10,0,0,0,0,0,0
3377,1765229013047,1,10,0,0,0,0,0,0
3378,1765229013339,1,12298,16384,0,0,0,0,0
3379,1765229013463,1,10,0,0,0,0,0,0
3380,1765229013784,1,10,0,0,0,0,0,0
3381,1765229014179,1,10,0,0,0,0,0,0
3382,1765229014504,1,10,0,0,0,0,0,0
3383,1765229014920,1,10,0,0,0,0,0,0
3384,1765229015213,1,10,0,0,0,0,0,0
3385,1765229015321,1,10,0,0,0,0,0,0
3386,1765229015652,1,10,0,0,0,0,0,0
3387,1765229016053,1,10,0,0,0,0,0,0
3388,1765229017062,1,10,0,0,0,0,0,0
3389,1765229017132,1,10,0,0,0,0,0,0
3390,1765229017191,1,10,0,0,0,0,0,0
3391,1765229017224,1,10,0,0,0,0,0,0
3392,1765229017492,1,10,0,0,0,0,0,0
3393,1765229017901,1,10,0,0,0,0,0,0
3394,1765229018192,1,10,0,0,0,0,0,0
3395,1765229018946,1,10,0,0,0,0,0,0
3396,1765229019059,1,10,0,0,0,0,0,0
3397,1765229019341,1,10,0,0,0,0,0,0
3398,1765229019650,1,10,0,0,0,0,0,0
3399,1765229019766,1,10,0,0,0,0,0,0
3400,1765229020041,1,10,0,0,0,0,0,0
3401,1765229020492,1,10,0,0,0,0,0,0
3402,1765229020766,1,10,0,0,0,0,0,0
3403,1765229021167,1,10,0,0,0,0,0,0
3404,1765229021491,1,10,0,0,0,0,0,0
3405,1765229021609,1,10,0,0,0,0,0,0
3406,1765229021909,1,10,0,0,0,0,0,0
3407,1765229022350,1,10,0,0,0,0,0,0
3408,1765229022618,1,10,0,0,0,0,0,0
3409,1765229023061,1,10,0,0,0,0,0,0
3410,1765229023335,1,10,0,0,0,0,0,0
3411,1765229023467,1,10,0,0,0,0,0,0
3412,1765229023804,1,10,0,0,0,0,0,0
3413,1765229024190,1,10,4,0,0,0,0,0
3414,1765229024465,1,10,5,51536,0,0,0,0
3415,1765229024906,1,10,8,0,0,0,0,0
3416,1765229025175,1,10,9,0,0,0,0,0
3417,1765229025617,1,10,13,0,0,0,0,0
3418,1765229026332,1,10,21,0,0,0,0,0
3419,1765229026749,1,10,28,0,0,0,0,0
3420,1765229027091,1,10,30,0,0,0,0,0
3421,1765229027490,1,10,40,0,0,0,0,0
3422,1765229028373,1,10,49,0,0,0,0,0
3423,1765229028446,1,10,54,0,0,0,0,0
3424,1765229028625,1,10,65,0,0,0,0,0
3425,1765229028951,1,10,67,0,0,0,0,0
3426,1765229029090,1,10,79,0,0,0,0,0
3427,1765229029822,1,10,94,0,0,0,0,0
3428,1765229030097,1,10,94,0,0,0,0,0
3429,1765229030531,1,10,97,0,0,0,0,0
3430,1765229030848,1,10,97,0,0,0,0,0
3431,1765229030966,1,10,99,0,0,0,0,0
3432,1765229031265,1,10,99,0,0,0,0,0
3433,1765229031988,1,10,116,0,0,0,0,0
3434,1765229032456,1,10,124,0,0,0,0,0
3435,1765229032856,1,10,129,0,0,0,0,0
3436,1765229033165,1,10,129,0,0,0,0,0
3437,1765229033583,1,10,130,0,0,0,0,0
3438,1765229033864,1,10,131,0,0,0,0,0
3439,1765229034323,1,10,135,0,0,0,0,0
3440,1765229034741,1,10,141,0,0,0,0,0
3441,1765229035062,1,10,143,0,0,0,0,0
3442,1765229035972,1,10,162,0,0,0,0,0
3443,1765229036268,1,10,164,0,0,0,0,0
3444,1765229037014,1,10,177,0,0,0,0,0
3445,1765229037139,1,10,190,0,0,0,0,0
3446,1765229037423,1,10,192,0,0,0,0,0
3447,1765229038149,1,10,213,0,0,0,0,0
3448,1765229038550,1,10,229,0,0,0,0,0
3449,1765229038847,1,10,233,0,0,0,0,0
3450,1765229038958,1,10,251,0,0,0,0,0
3451,1765229039281,1,10,254,0,0,0,0,0
3452,1765229039666,1,10,273,0,0,0,0,0
3453,1765229040508,1,10,277,0,0,0,0,0
3454,1765229040604,1,10,302,0,0,0,0,0
3455,1765229040657,1,10,306,0,0,0,0,0
3456,1765229041092,1,10,327,0,0,0,0,0
3457,1765229041350,1,10,331,0,0,0,0,0
3458,1765229041775,1,10,358,0,0,0,0,0
3459,1765229042059,1,10,362,0,0,0,0,0
3460,1765229042175,1,10,380,0,0,0,0,0
3461,1765229042492,1,10,389,0,0,0,0,0
3462,1765229042899,1,10,413,0,0,0,0,0
3463,1765229043182,1,10,417,0,0,0,0,0
3464,1765229043869,1,10,451,0,0,0,0,0
3465,1765229044310,1,10,476,0,0,0,0,0
3466,1765229044601,1,10,481,0,0,0,0,0
3467,1765229044693,1,10,506,0,0,0,0,0
3468,1765229044994,1,10,511,0,0,0,0,0
3469,1765229045283,1,10,516,0,0,0,0,0
3470,1765229045365,1,10,537,0,0,0,0,0
3471,1765229046376,1,10,558,0,0,0,0,0
3472,1765229046807,1,10,558,0,0,0,0,0
3473,1765229047098,1,10,558,0,0,0,0,0
3474,1765229047201,1,10,558,0,0,0,0,0
3475,1765229047543,1,10,558,0,0,0,0,0
3476,1765229047948,1,10,558,0,0,0,0,0
3477,1765229048272,1,10,558,0,0,0,0,0
3478,1765229048667,1,10,558,0,0,0,0,0
3479,1765229048982,1,10,558,0,0,0,0,0
3480,1765229049070,1,10,558,0,0,0,0,0
3481,1765229049407,1,10,558,0,0,0,0,0
3482,1765229049807,1,10,558,0,0,0,0,0
3483,1765229050123,1,10,558,0,0,0,0,0
3484,1765229050515,1,10,558,0,0,0,0,0
3485,1765229050841,1,10,558,0,0,0,0,0
3486,1765229051584,1,10,558,0,0,0,0,0
3487,1765229051621,1,10,558,0,0,0,0,0
3488,1765229051665,1,10,558,0,0,0,0,0
3489,1765229051680,1,10,558,0,0,0,0,0
3490,1765229051933,1,10,558,0,0,0,0,0
3491,1765229052325,1,10,558,0,0,0,0,0
3492,1765229052651,1,10,558,0,0,0,0,0
3493,1765229053033,1,10,558,0,0,0,0,0
3494,1765229053358,1,10,558,0,0,0,0,0
3495,1765229053483,1,10,558,0,0,0,0,0
3496,1765229053761,1,10,558,0,0,0,0,0
3497,1765229054099,1,10,558,0,0,0,0,0
3498,1765229054208,1,10,558,0,0,0,0,0
3499,1765229054491,1,10,558,0,0,0,0,0
3500,1765229054892,1,10,561,0,0,0,0,0
3501,1765229055184,1,10,566,0,0,0,0,0
3502,1765229055608,1,10,572,0,0,0,0,0
3503,1765229055933,1,10,572,0,0,0,0,0
3504,1765229056050,1,10,572,0,0,0,0,0
3505,1765229056325,1,10,572,0,0,0,0,0
3506,1765229056754,1,10,572,0,0,0,0,0
3507,1765229057024,1,10,572,0,0,0,0,0
3508,1765229057492,1,10,572,0,0,0,0,0
3509,1765229057764,1,10,572,0,0,0,0,0
3510,1765229057915,1,10,572,0,0,0,0,0
3511,1765229058190,1,10,572,0,0,0,0,0
3512,1765229058637,1,10,572,0,0,0,0,0
3513,1765229058934,1,10,572,0,0,0,0,0
3514,1765229059384,1,10,572,0,0,0,0,0
3515,1765229059665,1,10,572,0,0,0,0,0
3516,1765229059774,1,10,572,0,0,0,0,0
3517,1765229060090,1,10,572,0,0,0,0,0
3518,1765229060492,1,10,572,0,0,0,0,0
3519,1765229060833,1,10,572,0,0,0,0,0
3520,1765229061250,1,10,572,0,0,0,0,0
3521,1765229061523,1,10,572,0,0,0,0,0
3522,1765229061649,1,10,572,0,0,0,0,0
3523,1765229062560,1,10,572,0,0,0,0,0
3524,1765229062648,1,10,572,0,0,0,0,0
3525,1765229062734,1,10,572,0,0,0,0,0
3526,1765229062858,1,10,572,0,0,0,0,0
3527,1765229063148,1,10,572,0,0,0,0,0
3528,1765229063594,1,10,572,0,0,0,0,0
3529,1765229063882,1,10,572,0,0,0,0,0
3530,1765229064306,1,10,572,0,0,0,0,0
3531,1765229064765,1,10,572,0,0,0,0,0
3532,1765229065048,1,10,572,0,0,0,0,0
3533,1765229065526,1,10,572,0,0,0,0,0
3534,1765229065806,1,10,572,0,0,0,0,0
3535,1765229065956,1,10,572,0,0,0,0,0
3536,1765229066290,1,10,572,0,0,0,0,0
3537,1765229066723,1,10,572,0,0,0,0,0
3538,1765229067023,1,10,572,0,0,0,0,0
3539,1765229067157,1,10,572,0,0,0,0,0
3540,1765229067456,1,10,572,0,0,0,0,0
3541,1765229067876,1,10,572,0,0,0,0,0
3542,1765229068241,1,10,572,0,0,0,0,0
3543,1765229068368,1,10,572,0,0,0,0,0
3544,1765229068651,1,10,572,0,0,0,0,0
3545,1765229069105,1,10,572,0,0,0,0,0
3546,1765229069395,1,10,572,0,0,0,0,0
3547,1765229069879,1,10,572,0,0,0,0,0
3548,1765229070303,1,10,572,0,0,0,0,0
3549,1765229070587,1,10,572,0,0,0,0,0
3550,1765229071044,1,10,572,0,0,0,0,0
3551,1765229071329,1,10,572,0,0,0,0,0
3552,1765229071462,1,10,572,0,0,0,0,0
3553,1765229071804,1,10,572,0,0,0,0,0
3554,1765229072236,1,10,572,0,0,0,0,0
3555,1765229072545,1,10,572,0,0,0,0,0
3556,1765229072669,1,10,572,0,0,0,0,0
3557,1765229073606,1,10,572,0,0,0,0,0
3558,1765229073697,1,10,572,0,0,0,0,0
3559,1765229074086,1,10,572,0,0,0,0,0
3560,1765229074403,1,10,572,0,0,0,0,0
3561,1765229074528,1,10,572,0,0,0,0,0
3562,1765229074802,1,10,572,0,0,0,0,0
3563,1765229075252,1,10,572,0,0,0,0,0
3564,1765229075545,1,10,572,0,0,0,0,0
3565,1765229075978,1,10,572,0,0,0,0,0
3566,1765229076277,1,10,572,0,0,0,0,0
3567,1765229076393,1,10,572,0,0,0,0,0
3568,1765229076669,1,10,572,0,0,0,0,0
3569,1765229077136,1,10,572,0,0,0,0,0
3570,1765229077427,1,10,572,0,0,0,0,0
3571,1765229077861,1,10,572,0,0,0,0,0
3572,1765229078135,1,10,572,0,0,0,0,0
3573,1765229078270,1,10,572,0,0,0,0,0
3574,1765229078619,1,10,572,0,0,0,0,0
3575,1765229079019,1,10,572,0,0,0,0,0
3576,1765229079360,1,10,572,0,0,0,0,0
3577,1765229079720,1,10,572,0,0,0,0,0
3578,1765229080002,1,10,572,0,0,0,0,0
3579,1765229080127,1,10,572,0,0,0,0,0
3580,1765229080460,1,10,572,0,0,0,0,0
3581,1765229080870,1,10,572,0,0,0,0,0
3582,1765229081168,1,10,572,0,0,0,0,0
3583,1765229081570,1,10,572,0,0,0,0,0
3584,1765229081910,1,10,572,0,0,0,0,0
3585,1765229082045,1,10,572,0,0,0,0,0
3586,1765229082304,1,10,572,0,0,0,0,0
3587,1765229082701,1,10,572,0,0,0,0,0
3588,1765229083001,1,10,572,0,0,0,0,0
3589,1765229083402,1,10,572,0,0,0,0,0
3590,1765229084443,1,10,572,0,0,0,0,0
3591,1765229084459,1,10,572,0,0,0,0,0
3592,1765229084521,1,10,572,0,0,0,0,0
3593,1765229084615,1,10,572,0,0,0,0,0
3594,1765229084873,1,10,572,0,0,0,0,0
3595,1765229085302,1,10,572,0,0,0,0,0
3596,1765229085608,1,10,572,0,0,0,0,0
3597,1765229085726,1,10,572,0,0,0,0,0
3598,1765229086001,1,10,572,0,0,0,0,0
3599,1765229086451,1,10,577,0,0,0,0,0
3600,1765229086716,1,10,582,0,0,0,0,0
3601,1765229087158,1,10,601,0,0,0,0,0
3602,1765229087450,1,10,604,0,0,0,0,0
3603,1765229087883,1,10,618,0,0,0,0,0
3604,1765229088166,1,10,619,0,0,0,0,0
3605,1765229088259,1,10,622,0,0,0,0,0
3606,1765229088576,1,10,622,0,0,0,0,0
3607,1765229088998,1,10,622,0,0,0,0,0
3608,1765229089275,1,10,622,0,0,0,0,0
3609,1765229089691,1,10,624,0,0,0,0,0
3610,1765229089975,1,10,624,0,0,0,0,0
3611,1765229090434,1,10,627,0,0,0,0,0
3612,1765229090834,1,10,632,0,0,0,0,0
3613,1765229091150,1,10,633,0,0,0,0,0
3614,1765229091542,1,10,638,0,0,0,0,0
3615,1765229091849,1,10,639,0,0,0,0,0
3616,1765229092286,1,10,646,0,0,0,0,0
3617,1765229092556,1,10,648,0,0,0,0,0
3618,1765229092666,1,10,652,0,0,0,0,0
3619,1765229092999,1,10,654,0,0,0,0,0
3620,1765229093392,1,10,661,0,0,0,0,0
3621,1765229093728,1,10,662,0,0,0,0,0
3622,1765229093846,1,10,667,0,0,0,0,0
3623,1765229094129,1,10,670,0,0,0,0,0
3624,1765229094436,1,10,671,0,0,0,0,0
3625,1765229094522,1,10,676,0,0,0,0,0
3626,1765229095372,1,10,677,0,0,0,0,0
3627,1765229095453,1,10,684,0,0,0,0,0
3628,1765229095562,1,10,685,0,0,0,0,0
3629,1765229095955,1,10,691,0,0,0,0,0
3630,1765229096271,1,10,692,0,0,0,0,0
3631,1765229096412,1,10,693,0,0,0,0,0
3632,1765229096704,1,10,693,0,0,0,0,0
3633,1765229097146,1,10,693,0,0,0,0,0
3634,1765229097446,1,10,693,0,0,0,0,0
3635,1765229097839,1,10,693,0,0,0,0,0
3636,1765229098154,1,10,693,0,0,0,0,0
3637,1765229098296,1,10,693,0,0,0,0,0
3638,1765229098583,1,10,693,0,0,0,0,0
3639,1765229099046,1,10,693,0,0,0,0,0
3640,1765229099329,1,10,693,0,0,0,0,0
3641,1765229099486,1,10,693,0,0,0,0,0
3642,1765229099795,1,10,693,0,0,0,0,0
3643,1765229100236,1,10,693,0,0,0,0,0
3644,1765229100579,1,10,693,0,0,0,0,0
3645,1765229100703,1,10,693,0,0,0,0,0
3646,1765229100996,1,10,693,0,0,0,0,0
3647,1765229101420,1,10,693,0,0,0,0,0
3648,1765229101737,1,10,693,0,0,0,0,0
3649,1765229101880,1,10,693,0,0,0,0,0
3650,1765229102162,1,10,693,0,0,0,0,0
3651,1765229102654,1,10,693,0,0,0,0,0
3652,1765229102938,1,10,693,0,0,0,0,0
3653,1765229103104,1,10,693,0,0,0,0,0
3654,1765229103419,1,10,693,0,0,0,0,0
3655,1765229103823,1,10,693,0,0,0,0,0
3656,1765229104145,1,10,693,0,0,0,0,0
3657,1765229104587,1,10,693,0,0,0,0,0
3658,1765229105007,1,10,693,0,0,0,0,0
3659,1765229105336,1,10,693,0,0,0,0,0
3660,1765229106264,1,10,693,0,0,0,0,0
3661,1765229106338,1,10,693,0,0,0,0,0
3662,1765229106545,1,10,693,0,0,0,0,0
3663,1765229106952,1,10,693,0,0,0,0,0
3664,1765229107268,1,10,693,0,0,0,0,0
3665,1765229107394,1,10,693,0,0,0,0,0
3666,1765229107660,1,10,693,0,0,0,0,0
3667,1765229108126,1,10,693,0,0,0,0,0
3668,1765229108392,1,10,693,0,0,0,0,0
3669,1765229108845,1,10,693,0,0,0,0,0
3670,1765229109118,1,10,693,0,0,0,0,0
3671,1765229109244,1,10,693,0,0,0,0,0
3672,1765229109582,1,10,693,0,0,0,0,0
3673,1765229109975,1,10,693,0,0,0,0,0
3674,1765229110250,1,10,693,0,0,0,0,0
3675,1765229110692,1,10,693,0,0,0,0,0
3676,1765229110976,1,10,693,0,0,0,0,0
3677,1765229111433,1,10,693,0,0,0,0,0
3678,1765229111823,1,10,693,0,0,0,0,0
3679,1765229112134,1,10,693,0,0,0,0,0
3680,1765229112535,1,10,693,0,0,0,0,0
3681,1765229112876,1,10,693,0,0,0,0,0
3682,1765229113267,1,10,693,0,0,0,0,0
3683,1765229113552,1,10,693,0,0,0,0,0
3684,1765229113691,1,10,693,0,0,0,0,0
3685,1765229114009,1,10,693,0,0,0,0,0
3686,1765229114417,1,10,693,0,0,0,0,0
3687,1765229114767,1,10,693,0,0,0,0,0
3688,1765229114875,1,10,693,0,0,0,0,0
3689,1765229115158,1,10,693,0,0,0,0,0
3690,1765229115607,1,10,693,0,0,0,0,0
3691,1765229115890,1,10,693,0,0,0,0,0
3692,1765229116299,1,10,693,0,0,0,0,0
3693,1765229117230,1,10,693,0,0,0,0,0
3694,1765229117248,1,10,693,0,0,0,0,0
3695,1765229117311,1,10,693,0,0,0,0,0
3696,1765229117455,1,10,693,0,0,0,0,0
3697,1765229117748,1,10,693,0,0,0,0,0
3698,1765229118197,1,10,693,0,0,0,0,0
3699,1765229118463,1,10,693,0,0,0,0,0
3700,1765229118590,1,10,693,0,0,0,0,0
3701,1765229118905,1,10,693,0,0,0,0,0
3702,1765229119171,1,10,693,0,0,0,0,0
3703,1765229119288,1,10,693,0,0,0,0,0
3704,1765229119589,1,10,693,0,0,0,0,0
3705,1765229120047,1,10,693,0,0,0,0,0
3706,1765229120330,1,10,693,0,0,0,0,0
3707,1765229120763,1,10,693,0,0,0,0,0
3708,1765229121172,1,10,693,0,0,0,0,0
3709,1765229121514,1,10,693,0,0,0,0,0
3710,1765229121904,1,10,693,0,0,0,0,0
3711,1765229122229,1,10,693,0,0,0,0,0
3712,1765229122829,1,10,0,0,0,0,0,0
3713,1765229123145,1,10,0,0,0,0,0,0
3714,1765229123246,1,10,0,0,0,0,0,0
3715,1765229123565,1,10,0,0,0,0,0,0
3716,1765229123979,1,10,0,0,0,0,0,0
3717,1765229124303,1,10,0,0,0,0,0,0
3718,1765229124721,1,10,0,0,0,0,0,0
3719,1765229125204,1,10,0,0,0,0,0,0
3720,1765229125486,1,10,0,0,0,0,0,0
3721,1765229125978,1,10,0,0,0,0,0,0
3722,1765229126403,1,10,0,0,0,0,0,0
3723,1765229126703,1,10,0,0,0,0,0,0
3724,1765229127114,1,10,0,0,0,0,0,0
3725,1765229127411,1,10,0,0,0,0,0,0
3726,1765229128151,1,10,0,0,0,0,0,0
3727,1765229128213,1,10,0,0,0,0,0,0
3728,1765229128316,1,10,0,0,0,0,0,0
3729,1765229128640,1,10,0,0,0,0,0,0
3730,1765229128789,1,10,0,0,0,0,0,0
3731,1765229129070,1,10,0,0,0,0,0,0
3732,1765229129522,1,10,0,0,0,0,0,0
3733,1765229129849,1,10,0,0,0,0,0,0
3734,1765229129998,1,10,0,0,0,0,0,0
3735,1765229130280,1,10,0,0,0,0,0,0
3736,1765229130742,1,10,0,0,0,0,0,0
3737,1765229131040,1,10,0,0,0,0,0,0
3738,1765229131190,1,10,0,0,0,0,0,0
3739,1765229131532,1,10,0,0,0,0,0,0
3740,1765229131963,1,10,0,0,0,0,0,0
3741,1765229132306,1,10,0,0,0,0,0,0
3742,1765229132406,1,10,0,0,0,0,0,0
3743,1765229132738,1,10,0,0,0,0,0,0
3744,1765229133178,1,12298,0,0,0,0,0,0
3745,1765229133647,1,10,0,0,0,0,0,0
3746,1765229133931,1,10,0,0,0,0,0,0
3747,1765229134372,1,10,0,0,0,0,0,0
3748,1765229134664,1,10,0,0,0,0,0,0
3749,1765229135115,1,10,0,0,0,0,0,0
3750,1765229135380,1,10,0,0,0,0,0,0
3751,1765229135497,1,10,0,0,0,0,0,0
3752,1765229135788,1,10,0,0,0,0,0,0
3753,1765229136221,1,10,0,0,0,0,0,0
3754,1765229136506,1,10,0,0,0,0,0,0
3755,1765229136972,1,10,0,0,0,0,0,0
3756,1765229137255,1,10,0,0,0,0,0,0
3757,1765229137379,1,10,0,0,0,0,0,0
3758,1765229137697,1,10,0,0,0,0,0,0
3759,1765229138112,1,10,0,0,0,0,0,0
3760,1765229139118,1,10,0,0,0,0,0,0
3761,1765229139127,1,10,0,0,0,0,0,0
3762,1765229139176,1,10,0,0,0,0,0,0
3763,1765229139267,1,10,0,0,0,0,0,0
3764,1765229139570,1,10,0,0,0,0,0,0
3765,1765229139969,1,10,0,0,0,0,0,0
3766,1765229140287,1,10,0,0,0,0,0,0
3767,1765229140420,1,10,0,0,0,0,0,0
3768,1765229140695,1,10,0,0,0,0,0,0
3769,1765229141011,1,10,0,0,0,0,0,0
3770,1765229141136,1,10,0,0,0,0,0,0
3771,1765229141427,1,10,0,0,0,0,0,0
3772,1765229141819,1,10,0,0,0,0,0,0
3773,1765229142170,1,10,0,0,0,0,0,0
3774,1765229143010,1,10,0,0,0,0,0,0
3775,1765229143286,1,10,0,0,0,0,0,0
3776,1765229143745,1,10,0,0,0,0,0,0
3777,1765229144028,1,10,0,0,0,0,0,0
3778,1765229144145,1,10,0,0,0,0,0,0
3779,1765229144478,1,10,0,0,0,0,0,0
3780,1765229144853,1,10,0,0,0,0,0,0
3781,1765229145153,1,10,0,0,0,0,0,0
3782,1765229145595,1,10,0,0,0,0,0,0
3783,1765229145886,1,10,0,0,0,0,0,0
3784,1765229146320,1,10,0,0,0,0,0,0
3785,1765229146603,1,10,0,0,0,0,0,0
3786,1765229146732,1,10,0,0,0,0,0,0
3787,1765229147062,1,10,0,0,0,0,0,0
3788,1765229147470,1,10,0,0,0,0,0,0
3789,1765229148178,1,10,0,0,0,0,0,0
3790,1765229148448,1,10,0,0,0,0,0,0
3791,1765229148562,1,10,0,0,0,0,0,0
3792,1765229148885,1,10,0,0,0,0,0,0
3793,1765229149302,1,10,0,0,0,0,0,0
3794,1765229150087,1,10,0,0,0,0,0,0
3795,1765229150149,1,10,0,0,0,0,0,0
3796,1765229150356,1,10,0,0,0,0,0,0
3797,1765229150497,1,10,0,0,0,0,0,0
3798,1765229150765,1,10,0,0,0,0,0,0
3799,1765229151146,1,10,0,0,0,0,0,0
3800,1765229151463,1,10,0,0,0,0,0,0
3801,1765229151847,1,10,0,0,0,0,0,0
3802,1765229152188,1,10,0,0,0,0,0,0
3803,1765229152312,1,10,0,0,0,0,0,0
3804,1765229152596,1,10,0,0,0,0,0,0
3805,1765229153021,1,10,0,0,0,0,0,0
3806,1765229153296,1,10,0,0,0,0,0,0
3807,1765229153755,1,10,0,0,0,0,0,0
3808,1765229154039,1,10,0,0,0,0,0,0
3809,1765229154171,1,10,0,0,0,0,0,0
3810,1765229154455,1,10,0,0,0,0,0,0
3811,1765229154738,1,10,0,0,0,0,0,0
3812,1765229154872,1,10,0,0,0,0,0,0
3813,1765229155155,1,10,0,0,0,0,0,0
3814,1765229155621,1,10,0,0,0,0,0,0
3815,1765229155898,1,10,0,0,0,0,0,0
3816,1765229156029,1,10,0,0,0,0,0,0
3817,1765229156346,1,10,0,0,0,0,0,0
3818,1765229156771,1,10,0,0,0,0,0,0
3819,1765229157088,1,10,0,0,0,0,0,0
3820,1765229157503,1,10,0,0,0,0,0,0
3821,1765229157796,1,10,0,0,0,0,0,0
3822,1765229157920,1,10,0,0,0,0,0,0
3823,1765229158237,1,10,0,0,0,0,0,0
3824,1765229158639,1,10,0,0,0,0,0,0
3825,1765229159122,1,10,0,0,0,0,0,0
3826,1765229159407,1,10,0,0,0,0,0,0
3827,1765229160150,1,10,0,0,0,0,0,0
3828,1765229161031,1,10,0,0,0,0,0,0
3829,1765229161110,1,10,0,0,0,0,0,0
3830,1765229161351,1,10,0,0,0,0,0,0
3831,1765229161804,1,10,0,0,0,0,0,0
3832,1765229162100,1,10,0,0,0,0,0,0
3833,1765229162249,1,10,0,0,0,0,0,0
3834,1765229162585,1,10,0,0,0,0,0,0
3835,1765229162734,1,10,0,0,0,0,0,0
3836,1765229163018,1,10,0,0,0,0,0,0
3837,1765229163317,1,10,0,0,0,0,0,0
3838,1765229163459,1,10,0,0,0,0,0,0
3839,1765229163767,1,10,0,0,0,0,0,0
3840,1765229164202,1,10,0,0,0,0,0,0
3841,1765229164702,1,10,0,0,0,0,0,0
3842,1765229164988,1,10,0,0,0,0,0,0
3843,1765229165451,1,10,0,0,0,0,0,0
3844,1765229165884,1,10,0,0,0,0,0,0
3845,1765229166226,1,10,0,0,0,0,0,0
3846,1765229166642,1,10,0,0,0,0,0,0
3847,1765229166934,1,10,0,0,0,0,0,0
3848,1765229167076,1,10,0,0,0,0,0,0
3849,1765229167410,1,10,0,0,0,0,0,0
3850,1765229167843,1,10,0,0,0,0,0,0
3851,1765229168301,1,10,0,0,0,0,0,0
3852,1765229168576,1,10,0,0,0,0,0,0
3853,1765229169017,1,10,0,0,0,0,0,0
3854,1765229169308,1,10,0,0,0,0,0,0
3855,1765229169725,1,10,0,0,0,0,0,0
3856,1765229170176,1,10,0,0,0,0,0,0
3857,1765229170467,1,10,0,0,0,0,0,0
3858,1765229170891,1,10,0,0,0,0,0,0
3859,1765229171191,1,10,0,0,0,0,0,0
3860,1765229171929,1,10,0,0,0,0,0,0
3861,1765229171984,1,10,0,0,0,0,0,0
3862,1765229172069,1,10,0,0,0,0,0,0
3863,1765229172329,1,10,0,0,0,0,0,0
3864,1765229172781,1,10,0,0,0,0,0,0
3865,1765229173056,1,10,0,0,0,0,0,0
3866,1765229173516,1,10,0,0,0,0,0,0
3867,1765229173926,1,10,0,0,0,0,0,0
3868,1765229174241,1,10,0,0,0,0,0,0
3869,1765229174640,1,10,0,0,0,0,0,0
3870,1765229174983,1,10,0,0,0,0,0,0
3871,1765229175089,1,10,0,0,0,0,0,0
3872,1765229175387,1,10,0,0,0,0,0,0
3873,1765229175789,1,10,0,0,0,0,0,0
3874,1765229176071,1,10,0,0,0,0,0,0
3875,1765229176488,1,10,0,0,0,0,0,0
3876,1765229176815,1,10,0,0,0,0,0,0
3877,1765229176946,1,10,0,0,0,0,0,0
3878,1765229177230,1,10,0,0,0,0,0,0
3879,1765229177679,1,10,0,0,0,0,0,0
3880,1765229177965,1,10,0,0,0,0,0,0
3881,1765229178396,1,10,0,0,0,0,0,0
3882,1765229178712,1,10,0,0,0,0,0,0
3883,1765229178818,1,10,0,0,0,0,0,0
3884,1765229179089,1,10,0,0,0,0,0,0
3885,1765229179523,1,10,0,0,0,0,0,0
3886,1765229179805,1,10,0,0,0,0,0,0
3887,1765229180247,1,10,0,0,0,0,0,0
3888,1765229180533,1,10,0,0,0,0,0,0
3889,1765229180997,1,10,0,0,0,0,0,0
3890,1765229181389,1,10,0,0,0,0,0,0
3891,1765229181714,1,10,0,0,0,0,0,0
3892,1765229182013,1,10,0,0,0,0,0,0
3893,1765229182849,1,10,0,0,0,0,0,0
3894,1765229238314,1,10,0,0,0,0,0,0
3895,1765229238607,1,10,0,0,0,0,0,0
3896,1765229238889,1,10,0,0,0,0,0,0
3897,1765229238975,1,10,0,0,0,0,0,0
3898,1765229239257,1,10,0,0,0,0,0,0
3899,1765229239649,1,10,0,0,0,0,0,0
3900,1765229239982,1,10,0,0,0,0,0,0
3901,1765229240423,1,10,0,0,0,0,0,0
3902,1765229240914,1,10,0,0,0,0,0,0
3903,1765229241211,1,10,0,0,0,0,0,0
3904,1765229241365,1,10,0,0,0,0,0,0
3905,1765229241691,1,10,0,0,0,0,0,0
3906,1765229242143,1,10,0,0,0,0,0,0
3907,1765229242432,1,10,0,0,0,0,0,0
3908,1765229242566,1,10,0,0,0,0,0,0
3909,1765229242917,1,10,0,0,0,0,0,0
3910,1765229243332,1,10,0,0,0,0,0,0
3911,1765229243661,1,10,0,0,0,0,0,0
3912,1765229243790,1,10,0,0,0,0,0,0
3913,1765229244081,1,10,0,0,0,0,0,0
3914,1765229244535,1,10,0,0,0,0,0,0
3915,1765229244830,1,10,0,0,0,0,0,0
3916,1765229245239,1,10,0,0,0,0,0,0
3917,1765229245541,1,10,0,0,0,0,0,0
3918,1765229245672,1,10,0,0,0,0,0,0
3919,1765229245953,1,10,0,0,0,0,0,0
3920,1765229246422,1,10,0,0,0,0,0,0
3921,1765229246696,1,10,0,0,0,0,0,0
3922,1765229247155,1,10,0,0,0,0,0,0
3923,1765229247447,1,10,0,0,0,0,0,0
3924,1765229247563,1,10,0,0,0,0,0,0
3925,1765229247889,1,10,0,0,0,0,0,0
3926,1765229248305,1,10,0,0,0,0,0,0
3927,1765229249282,1,10,0,0,0,0,0,0
3928,1765229249354,1,10,0,0,0,0,0,0
3929,1765229249468,1,10,0,0,0,0,0,0
3930,1765229249793,1,10,0,0,0,0,0,0
3931,1765229250217,1,10,0,0,0,0,0,0
3932,1765229250526,1,10,0,0,0,0,0,0
3933,1765229250633,1,10,0,0,0,0,0,0
3934,1765229250926,1,10,0,0,0,0,0,0
3935,1765229251351,1,10,0,0,0,0,0,0
3936,1765229251677,1,10,0,0,0,0,0,0
3937,1765229251825,1,10,0,0,0,0,0,0
3938,1765229252109,1,10,0,0,0,0,0,0
3939,1765229252556,1,10,0,0,0,0,0,0
3940,1765229252838,1,10,0,0,0,0,0,0
3941,1765229253301,1,10,0,0,0,0,0,0
3942,1765229253576,1,10,0,0,0,0,0,0
3943,1765229253710,1,10,0,0,0,0,0,0
3944,1765229254009,1,10,0,0,0,0,0,0
3945,1765229254444,1,10,0,0,0,0,0,0
3946,1765229254726,1,10,0,0,0,0,0,0
3947,1765229255209,1,10,0,0,0,0,0,0
3948,1765229255618,1,10,0,0,0,0,0,0
3949,1765229255944,1,10,0,0,0,0,0,0
3950,1765229256335,1,10,0,0,0,0,0,0
3951,1765229256675,1,10,0,0,0,0,0,0
3952,1765229256785,1,10,0,0,0,0,0,0
3953,1765229257092,1,10,0,0,0,0,0,0
3954,1765229257468,1,10,0,0,0,0,0,0
3955,1765229257797,1,10,0,0,0,0,0,0
3956,1765229258200,1,10,0,0,0,0,0,0
3957,1765229258529,1,10,0,0,0,0,0,0
3958,1765229258644,1,10,0,0,0,0,0,0
3959,1765229258929,1,10,0,0,0,0,0,0
3960,1765229259368,1,10,0,0,0,0,0,0
3961,1765229260198,1,10,0,0,0,0,0,0
3962,1765229260289,1,10,0,0,0,0,0,0
3963,1765229260384,1,10,0,0,0,0,0,0
3964,1765229260500,1,10,0,0,0,0,0,0
3965,1765229260793,1,10,0,0,0,0,0,0
3966,1765229261218,1,10,0,0,0,0,0,0
3967,1765229261484,1,10,0,0,0,0,0,0
3968,1765229261950,1,10,0,0,0,0,0,0
3969,1765229262243,1,10,0,0,0,0,0,0
3970,1765229262676,1,10,0,0,0,0,0,0
3971,1765229263069,1,10,0,0,0,0,0,0
3972,1765229263387,1,10,0,0,0,0,0,0
3973,1765229263808,1,10,0,0,0,0,0,0
3974,1765229264076,1,10,0,0,0,0,0,0
3975,1765229264492,1,10,0,0,0,0,0,0
3976,1765229264776,1,10,0,0,0,0,0,0
3977,1765229264899,1,10,0,0,0,0,0,0
3978,1765229265223,1,10,0,0,0,0,0,0
3979,1765229265633,1,10,0,0,0,0,0,0
3980,1765229265949,1,10,0,0,0,0,0,0
3981,1765229266350,1,10,0,0,0,0,0,0
3982,1765229266657,1,10,0,0,0,0,0,0
3983,1765229266766,1,10,0,0,0,0,0,0
3984,1765229267101,1,10,0,0,0,0,0,0
3985,1765229267500,1,10,0,0,0,0,0,0
3986,1765229267844,1,10,0,0,0,0,0,0
3987,1765229268241,1,10,0,0,0,0,0,0
3988,1765229268718,1,10,0,0,0,0,0,0
3989,1765229269006,1,10,0,0,0,0,0,0
3990,1765229269434,1,10,0,0,0,0,0,0
3991,1765229269754,1,10,0,0,0,0,0,0
3992,1765229269898,1,10,0,0,0,0,0,0
3993,1765229270182,1,10,0,0,0,0,0,0
3994,1765229271146,1,10,0,0,0,0,0,0
3995,1765229271203,1,10,0,0,0,0,0,0
3996,1765229271228,1,10,0,0,0,0,0,0
3997,1765229271420,1,10,0,0,0,0,0,0
3998,1765229271854,1,10,0,0,0,0,0,0
3999,1765229272196,1,10,0,0,0,0,0,0
4000,1765229272321,1,10,0,0,0,0,0,0
4001,1765229272629,1,10,2,0,0,0,0,0
4002,1765229273056,1,10,5,0,0,0,0,0
4003,1765229273370,1,10,6,0,0,0,0,0
4004,1765229273479,1,10,10,0,0,0,0,0
4005,1765229273762,1,10,11,0,0,0,0,0
4006,1765229274229,1,10,19,0,0,0,0,0
4007,1765229274518,1,10,20,0,0,0,0,0
4008,1765229274971,1,10,34,0,0,0,0,0
4009,1765229275252,1,10,37,0,0,0,0,0
4010,1765229275386,1,10,50,0,0,0,0,0
4011,1765229275711,1,10,54,0,0,0,0,0
4012,1765229276145,1,10,79,0,0,0,0,0
4013,1765229276427,1,10,83,0,0,0,0,0
4014,1765229276571,1,10,103,0,0,0,0,0
4015,1765229276877,1,10,114,0,0,0,0,0
4016,1765229277269,1,10,143,0,0,0,0,0
4017,1765229277611,1,10,149,0,0,0,0,0
4018,1765229278020,1,10,189,0,0,0,0,0
4019,1765229278311,1,10,196,0,0,0,0,0
4020,1765229278710,1,10,233,0,0,0,0,0
4021,1765229279005,1,10,241,0,0,0,0,0
4022,1765229279428,1,10,290,0,0,0,0,0
4023,1765229279809,1,10,334,0,0,0,0,0
4024,1765229280129,1,10,342,0,0,0,0,0
4025,1765229280512,0,0,386,0,0,0,0,0
4026,1765229280862,0,0,386,0,0,0,0,0
4027,1765229280982,0,0,386,0,0,0,0,0
4028,1765229281253,0,0,386,0,0,0,0,0
4029,1765229281560,0,0,386,0,0,0,0,0
4030,1765229282302,0,0,386,0,0,0,0,0
4031,1765229282357,0,0,386,0,0,0,0,0
4032,1765229282700,0,0,386,0,0,0,0,0
4033,1765229283082,0,0,386,0,0,0,0,0
4034,1765229283382,0,0,386,0,0,0,0,0
4035,1765229283518,0,0,386,0,0,0,0,0
4036,1765229283800,0,0,386,0,0,0,0,0
4037,1765229284257,0,0,386,0,0,0,0,0
4038,1765229284517,0,0,386,0,0,0,0,0
4039,1765229285376,0,0,386,0,0,0,0,0
4040,1765229285633,0,0,386,0,0,0,0,0
4041,1765229286108,0,0,386,0,0,0,0,0
4042,1765229286385,0,0,386,0,0,0,0,0
4043,1765229287107,0,0,386,0,0,0,0,0
4044,1765229287559,16384,17504,1894,8,0,0,0,0
4045,1765229287968,0,0,386,0,0,0,0,0
4046,1765229288233,0,0,386,0,0,0,0,0
4047,1765229288659,0,0,386,0,0,0,0,0
4048,1765229290116,64,12352,49634,0,0,0,0,0
4049,1765229294240,0,0,386,0,0,0,0,0
4050,1765229294566,0,0,386,0,0,0,0,0
4051,1765229294967,0,0,386,0,0,0,0,0
4052,1765229297123,0,25280,9700,0,0,0,0,0
4053,1765229297550,8192,0,386,0,0,0,0,0
4054,1765229298013,0,0,386,0,0,0,0,0
4055,1765229298278,0,0,386,0,0,0,0,0
4056,1765229300198,0,0,392,41888,0,0,0,0
4057,1765229300595,0,0,386,0,0,0,0,0
4058,1765229300891,0,0,386,0,0,0,0,0
4059,1765229301020,0,0,386,0,0,0,0,0
4060,1765229301349,0,0,386,0,0,0,0,0
4061,1765229302253,0,0,386,0,0,0,0,0
4062,1765229302315,0,0,386,0,0,0,0,0
4063,1765229302342,0,0,386,3072,0,0,0,0
4064,1765229302970,0,0,386,0,0,0,0,0
4065,1765229303258,0,0,386,0,0,0,0,0
4066,1765229303393,0,0,386,0,0,0,0,0
4067,1765229304170,0,0,386,0,0,0,0,0
4068,1765229304834,0,144,386,0,0,0,0,0
4069,1765229305553,0,0,386,0,0,0,0,0
4070,1765229305553,0,0,386,0,0,0,0,0
4071,1765229305553,0,0,386,0,0,0,0,0
4072,1765229306263,0,0,386,0,0,0,0,0
4073,1765229306263,0,0,386,0,0,0,0,0
